{"producer":{"name":"Blender","version":"2.78 (sub 0)","exporter_version":"5.2.0","file":"hand.babylon"},
"autoClear":true,"clearColor":[0.0509,0.0509,0.0509],"ambientColor":[0,0,0],"gravity":[0,-9.81,0],
"materials":[{"name":"hand.Material.001","id":"hand.Material.001","ambient":[0.8,0.8,0.8],"diffuse":[0.64,0.64,0.64],"specular":[0,0,0],"emissive":[0,0,0],"specularPower":48,"alpha":1,"backFaceCulling":true,"checkReadyOnlyOnce":false,"maxSimultaneousLights":4, 
"diffuseTexture":{"name":"Male16_dif5.png","level":1,"hasAlpha":1,"coordinatesMode":0,"uOffset":0,"vOffset":0,"uScale":1,"vScale":1,"uAng":0,"vAng":0,"wAng":0,"wrapU":1,"wrapV":1,"coordinatesIndex":0}}],
"multiMaterials":[],
"skeletons":[{"name":"Armature","id":0,"dimensionsAtRest":[3.7671,14.1038,63.6437],"bones":[
{"name":"c","index":0,"matrix":[-1,0,0,0,0,-0.2698,0.9629,0,0,-0.9629,-0.2698,0,-26.3991,9.9205,-21.7508,1],"rest":[-1,0,0,0,0,-0.2698,0.9629,0,0,-0.9629,-0.2698,0,-26.3991,9.9205,-21.7508,1],"parentBoneIndex":-1,"length":17.5104
,"animation":{"dataType":3,"framePerSecond":30,"keys":[
{"frame":0,"values":[-1,0,0,0,0,-0.2698,0.9629,0,0,-0.9629,-0.2698,0,-26.3991,9.9205,-21.7508,1]},
{"frame":30,"values":[-1,0,0,0,0,-0.2698,0.9629,0,0,-0.9629,-0.2698,0,-26.3991,9.9205,-21.7508,1]},
{"frame":40,"values":[-1,0,0,0,0,-0.2698,0.9629,0,0,-0.9629,-0.2698,0,-26.3991,9.9205,-21.7508,1]},
{"frame":49,"values":[-1,0,0,0,0,-0.2698,0.9629,0,0,-0.9629,-0.2698,0,-26.3991,9.8327,-20.6864,1]},
{"frame":50,"values":[-1,0,0,0,0,-0.2698,0.9629,0,0,-0.9629,-0.2698,0,-26.3991,9.7819,-18.3656,1]},
{"frame":51,"values":[-1,0,0,0,0,-0.2698,0.9629,0,0,-0.9629,-0.2698,0,-26.3991,9.8552,-15.4732,1]},
{"frame":52,"values":[-1,0,0,0,0,-0.2698,0.9629,0,0,-0.9629,-0.2698,0,-26.3991,9.9859,-12.4089,1]},
{"frame":53,"values":[-1,0,0,0,0,-0.2698,0.9629,0,0,-0.9629,-0.2698,0,-26.3991,10.0592,-9.5165,1]},
{"frame":54,"values":[-1,0,0,0,0,-0.2698,0.9629,0,0,-0.9629,-0.2698,0,-26.3991,10.0084,-7.1957,1]},
{"frame":55,"values":[-1,0,0,0,0,-0.2698,0.9629,0,0,-0.9629,-0.2698,0,-26.3991,9.9205,-6.1313,1]},
{"frame":66,"values":[-1,0,0,0,0,-0.2698,0.9629,0,0,-0.9629,-0.2698,0,-26.3991,10.0624,-8.0748,1]},
{"frame":67,"values":[-1,0,0,0,0,-0.2698,0.9629,0,0,-0.9629,-0.2698,0,-26.3991,9.9952,-11.4297,1]},
{"frame":68,"values":[-1,0,0,0,0,-0.2698,0.9629,0,0,-0.9629,-0.2698,0,-26.3991,9.7746,-15.2124,1]},
{"frame":69,"values":[-1,0,0,0,0,-0.2698,0.9629,0,0,-0.9629,-0.2698,0,-26.3991,9.6729,-18.9828,1]},
{"frame":70,"values":[-1,0,0,0,0,-0.2698,0.9629,0,0,-0.9629,-0.2698,0,-26.3991,9.9205,-21.7508,1]},
{"frame":80,"values":[-1,0,0,0,0,-0.2698,0.9629,0,0,-0.9629,-0.2698,0,-26.3991,9.9205,-21.7508,1]},
{"frame":81,"values":[-1,0,0,0,0,-0.2698,0.9629,0,0,-0.9629,-0.2698,0,-26.3991,9.9212,-21.822,1]},
{"frame":82,"values":[-1,0,0,0,0,-0.2698,0.9629,0,0,-0.9629,-0.2698,0,-26.3991,9.9207,-22.0259,1]},
{"frame":83,"values":[-1,0,0,0,0,-0.2698,0.9629,0,0,-0.9629,-0.2698,0,-26.3991,9.9164,-22.3433,1]},
{"frame":84,"values":[-1,0,0,0,0,-0.2698,0.9629,0,0,-0.9629,-0.2698,0,-26.3991,9.9081,-22.7481,1]},
{"frame":85,"values":[-1,0,0,0,0,-0.2698,0.9629,0,0,-0.9629,-0.2698,0,-26.3991,9.8987,-23.2072,1]},
{"frame":86,"values":[-1,0,0,0,0,-0.2698,0.9629,0,0,-0.9629,-0.2698,0,-26.3991,9.8929,-23.6811,1]},
{"frame":87,"values":[-1,0,0,0,0,-0.2698,0.9629,0,0,-0.9629,-0.2698,0,-26.3991,9.8943,-24.1262,1]},
{"frame":88,"values":[-1,0,0,0,0,-0.2698,0.9629,0,0,-0.9629,-0.2698,0,-26.3991,9.903,-24.497,1]},
{"frame":89,"values":[-1,0,0,0,0,-0.2698,0.9629,0,0,-0.9629,-0.2698,0,-26.3991,9.9145,-24.7491,1]},
{"frame":90,"values":[-1,0,0,0,0,-0.2698,0.9629,0,0,-0.9629,-0.2698,0,-26.3991,9.9205,-24.8414,1]},
{"frame":91,"values":[-1,0,0,0,0,-0.2698,0.9629,0,0,-0.9629,-0.2698,0,-26.3991,9.8853,-24.3144,1]},
{"frame":92,"values":[-1,0,0,0,0,-0.2698,0.9629,0,0,-0.9629,-0.2698,0,-26.3991,9.8153,-22.8667,1]},
{"frame":93,"values":[-1,0,0,0,0,-0.2698,0.9629,0,0,-0.9629,-0.2698,0,-26.3991,9.7575,-20.7308,1]},
{"frame":94,"values":[-1,0,0,0,0,-0.2698,0.9629,0,0,-0.9629,-0.2698,0,-26.3991,9.7404,-18.1698,1]},
{"frame":95,"values":[-1,0,0,0,0,-0.2698,0.9629,0,0,-0.9629,-0.2698,0,-26.3991,9.767,-15.456,1]},
{"frame":96,"values":[-1,0,0,0,0,-0.2698,0.9629,0,0,-0.9629,-0.2698,0,-26.3991,9.8193,-12.8488,1]},
{"frame":97,"values":[-1,0,0,0,0,-0.2698,0.9629,0,0,-0.9629,-0.2698,0,-26.3991,9.8718,-10.5745,1]},
{"frame":98,"values":[-1,0,0,0,0,-0.2698,0.9629,0,0,-0.9629,-0.2698,0,-26.3991,9.9064,-8.8137,1]},
{"frame":99,"values":[-1,0,0,0,0,-0.2698,0.9629,0,0,-0.9629,-0.2698,0,-26.3991,9.9196,-7.6979,1]},
{"frame":100,"values":[-1,0,0,0,0,-0.2698,0.9629,0,0,-0.9629,-0.2698,0,-26.3991,9.9205,-7.3133,1]},
{"frame":101,"values":[-1,0,0,0,0,-0.2698,0.9629,0,0,-0.9629,-0.2698,0,-26.3991,9.9174,-7.619,1]},
{"frame":102,"values":[-1,0,0,0,0,-0.2698,0.9629,0,0,-0.9629,-0.2698,0,-26.3991,9.893,-8.4724,1]},
{"frame":103,"values":[-1,0,0,0,0,-0.2698,0.9629,0,0,-0.9629,-0.2698,0,-26.3991,9.836,-9.7815,1]},
{"frame":104,"values":[-1,0,0,0,0,-0.2698,0.9629,0,0,-0.9629,-0.2698,0,-26.3991,9.7522,-11.4533,1]},
{"frame":105,"values":[-1,0,0,0,0,-0.2698,0.9629,0,0,-0.9629,-0.2698,0,-26.3991,9.664,-13.3883,1]},
{"frame":106,"values":[-1,0,0,0,0,-0.2698,0.9629,0,0,-0.9629,-0.2698,0,-26.3991,9.6056,-15.474,1]},
{"frame":107,"values":[-1,0,0,0,0,-0.2698,0.9629,0,0,-0.9629,-0.2698,0,-26.3991,9.6103,-17.5768,1]},
{"frame":108,"values":[-1,0,0,0,0,-0.2698,0.9629,0,0,-0.9629,-0.2698,0,-26.3991,9.693,-19.5244,1]},
{"frame":109,"values":[-1,0,0,0,0,-0.2698,0.9629,0,0,-0.9629,-0.2698,0,-26.3991,9.8296,-21.0652,1]},
{"frame":110,"values":[-1,0,0,0,0,-0.2698,0.9629,0,0,-0.9629,-0.2698,0,-26.3991,9.9205,-21.7508,1]},
{"frame":120,"values":[-1,0,0,0,0,-0.2698,0.9629,0,0,-0.9629,-0.2698,0,-26.3991,9.9205,-21.7508,1]},
{"frame":150,"values":[-1,0,0,0,0,-0.2698,0.9629,0,0,-0.9629,-0.2698,0,-26.3991,9.9205,-21.7508,1]}],"loopBehavior":1,"name":"anim","property":"_matrix"}},
{"name":"b","index":1,"matrix":[0.9997,-0.0132,-0.0211,0,0.0069,0.9619,-0.2732,0,0.0239,0.2729,0.9617,0,0,17.5104,0,1],"rest":[0.9997,-0.0132,-0.0211,0,0.0069,0.9619,-0.2732,0,0.0239,0.2729,0.9617,0,0,17.5104,0,1],"parentBoneIndex":0,"length":28.3511
,"animation":{"dataType":3,"framePerSecond":30,"keys":[
{"frame":0,"values":[0.9997,-0.0132,-0.0211,0,0.0069,0.9619,-0.2732,0,0.0239,0.2729,0.9617,0,0,17.5104,0,1]},
{"frame":30,"values":[0.9997,-0.0132,-0.0211,0,0.0069,0.9619,-0.2732,0,0.0239,0.2729,0.9617,0,0,17.5104,0,1]},
{"frame":40,"values":[0.9997,-0.0132,-0.0211,0,0.0069,0.9619,-0.2732,0,0.0239,0.2729,0.9617,0,0,17.5104,0,1]},
{"frame":41,"values":[0.9997,-0.0137,-0.0208,0,0.007,0.9562,-0.2928,0,0.0239,0.2926,0.9559,0,0,17.5104,0,1]},
{"frame":42,"values":[0.9997,-0.0149,-0.02,0,0.007,0.9364,-0.3509,0,0.0239,0.3506,0.9362,0,0,17.5104,0,1]},
{"frame":43,"values":[0.9997,-0.0169,-0.0184,0,0.007,0.8979,-0.4402,0,0.0239,0.4399,0.8977,0,0,17.5104,0,1]},
{"frame":44,"values":[0.9997,-0.019,-0.0162,0,0.0071,0.8391,-0.5439,0,0.024,0.5436,0.839,0,0,17.5104,0,1]},
{"frame":45,"values":[0.9997,-0.0208,-0.0139,0,0.0072,0.7685,-0.6398,0,0.024,0.6395,0.7684,0,0,17.5104,0,1]},
{"frame":46,"values":[0.9997,-0.0221,-0.0117,0,0.0072,0.7028,-0.7114,0,0.024,0.7111,0.7027,0,0,17.5104,0,1]},
{"frame":47,"values":[0.9997,-0.0228,-0.0104,0,0.0072,0.6579,-0.7531,0,0.024,0.7528,0.6578,0,0,17.5104,0,1]},
{"frame":48,"values":[0.9997,-0.0231,-0.0099,0,0.0072,0.6423,-0.7664,0,0.024,0.7661,0.6423,0,0,17.5104,0,1]},
{"frame":49,"values":[0.9997,-0.0226,-0.0108,0,0.0072,0.6722,-0.7404,0,0.024,0.7401,0.6721,0,0,17.5104,0,1]},
{"frame":50,"values":[0.9997,-0.0211,-0.0134,0,0.0072,0.7552,-0.6554,0,0.024,0.6551,0.7552,0,0,17.5104,0,1]},
{"frame":51,"values":[0.9997,-0.0182,-0.0171,0,0.0071,0.8629,-0.5054,0,0.0239,0.5051,0.8627,0,0,17.5104,0,1]},
{"frame":52,"values":[0.9997,-0.0141,-0.0206,0,0.007,0.9498,-0.3128,0,0.0239,0.3125,0.9496,0,0,17.5104,0,1]},
{"frame":53,"values":[0.9997,-0.01,-0.0228,0,0.0069,0.9911,-0.1327,0,0.0239,0.1326,0.9909,0,0,17.5104,0,1]},
{"frame":54,"values":[0.9997,-0.0071,-0.0238,0,0.0068,0.9999,-0.0142,0,0.0239,0.014,0.9996,0,0,17.5104,0,1]},
{"frame":55,"values":[0.9997,-0.0062,-0.0241,0,0.0068,0.9997,0.0254,0,0.024,-0.0256,0.9994,0,0,17.5104,0,1]},
{"frame":61,"values":[0.9997,-0.0064,-0.0241,0,0.0068,0.9998,0.017,0,0.024,-0.0172,0.9996,0,0,17.5104,0,1]},
{"frame":62,"values":[0.9997,-0.007,-0.0239,0,0.0068,0.9999,-0.0087,0,0.0239,0.0086,0.9997,0,0,17.5104,0,1]},
{"frame":63,"values":[0.9997,-0.008,-0.0236,0,0.0068,0.9988,-0.0475,0,0.0239,0.0474,0.9986,0,0,17.5104,0,1]},
{"frame":64,"values":[0.9997,-0.0089,-0.0232,0,0.0068,0.996,-0.0888,0,0.0239,0.0886,0.9958,0,0,17.5104,0,1]},
{"frame":65,"values":[0.9997,-0.0098,-0.0229,0,0.0069,0.9923,-0.1235,0,0.0239,0.1233,0.9921,0,0,17.5104,0,1]},
{"frame":66,"values":[0.9997,-0.0106,-0.0225,0,0.0069,0.9874,-0.1584,0,0.0239,0.1582,0.9871,0,0,17.5104,0,1]},
{"frame":67,"values":[0.9997,-0.0115,-0.0221,0,0.0069,0.9798,-0.1999,0,0.0239,0.1997,0.9796,0,0,17.5104,0,1]},
{"frame":68,"values":[0.9997,-0.0124,-0.0216,0,0.0069,0.971,-0.2389,0,0.0239,0.2387,0.9708,0,0,17.5104,0,1]},
{"frame":69,"values":[0.9997,-0.013,-0.0212,0,0.0069,0.9643,-0.2648,0,0.0239,0.2645,0.9641,0,0,17.5104,0,1]},
{"frame":70,"values":[0.9997,-0.0132,-0.0211,0,0.0069,0.9619,-0.2732,0,0.0239,0.2729,0.9617,0,0,17.5104,0,1]},
{"frame":80,"values":[0.9997,-0.0132,-0.0211,0,0.0069,0.9619,-0.2732,0,0.0239,0.2729,0.9617,0,0,17.5104,0,1]},
{"frame":81,"values":[0.9997,-0.0135,-0.0209,0,0.007,0.958,-0.2866,0,0.0239,0.2864,0.9578,0,0,17.5104,0,1]},
{"frame":82,"values":[0.9997,-0.0144,-0.0203,0,0.007,0.9451,-0.3268,0,0.0239,0.3266,0.9449,0,0,17.5104,0,1]},
{"frame":83,"values":[0.9997,-0.0158,-0.0193,0,0.007,0.9202,-0.3913,0,0.0239,0.3911,0.92,0,0,17.5104,0,1]},
{"frame":84,"values":[0.9997,-0.0175,-0.0178,0,0.0071,0.8808,-0.4734,0,0.0239,0.4732,0.8806,0,0,17.5104,0,1]},
{"frame":85,"values":[0.9997,-0.0193,-0.0158,0,0.0071,0.827,-0.5621,0,0.024,0.5618,0.8269,0,0,17.5104,0,1]},
{"frame":86,"values":[0.9997,-0.0209,-0.0137,0,0.0072,0.7644,-0.6447,0,0.024,0.6444,0.7643,0,0,17.5104,0,1]},
{"frame":87,"values":[0.9997,-0.0221,-0.0117,0,0.0072,0.7026,-0.7115,0,0.024,0.7112,0.7026,0,0,17.5104,0,1]},
{"frame":88,"values":[0.9997,-0.0229,-0.0102,0,0.0072,0.6518,-0.7584,0,0.024,0.758,0.6518,0,0,17.5104,0,1]},
{"frame":89,"values":[0.9997,-0.0234,-0.0092,0,0.0072,0.6192,-0.7852,0,0.024,0.7849,0.6192,0,0,17.5104,0,1]},
{"frame":90,"values":[0.9997,-0.0235,-0.0089,0,0.0072,0.6082,-0.7938,0,0.024,0.7934,0.6082,0,0,17.5104,0,1]},
{"frame":91,"values":[0.9997,-0.0233,-0.0093,0,0.0072,0.6227,-0.7824,0,0.024,0.7821,0.6227,0,0,17.5104,0,1]},
{"frame":92,"values":[0.9997,-0.0227,-0.0106,0,0.0072,0.6655,-0.7464,0,0.024,0.7461,0.6654,0,0,17.5104,0,1]},
{"frame":93,"values":[0.9997,-0.0216,-0.0127,0,0.0072,0.7314,-0.6819,0,0.024,0.6816,0.7313,0,0,17.5104,0,1]},
{"frame":94,"values":[0.9997,-0.0198,-0.0152,0,0.0071,0.8092,-0.5875,0,0.024,0.5872,0.8091,0,0,17.5104,0,1]},
{"frame":95,"values":[0.9997,-0.0174,-0.0178,0,0.0071,0.8833,-0.4687,0,0.0239,0.4684,0.8832,0,0,17.5104,0,1]},
{"frame":96,"values":[0.9997,-0.0147,-0.0201,0,0.007,0.9402,-0.3405,0,0.0239,0.3402,0.94,0,0,17.5104,0,1]},
{"frame":97,"values":[0.9997,-0.0121,-0.0218,0,0.0069,0.9749,-0.2226,0,0.0239,0.2224,0.9747,0,0,17.5104,0,1]},
{"frame":98,"values":[0.9997,-0.01,-0.0228,0,0.0069,0.9913,-0.1315,0,0.0239,0.1313,0.9911,0,0,17.5104,0,1]},
{"frame":99,"values":[0.9997,-0.0086,-0.0234,0,0.0068,0.9971,-0.0757,0,0.0239,0.0756,0.9969,0,0,17.5104,0,1]},
{"frame":100,"values":[0.9997,-0.0082,-0.0235,0,0.0068,0.9983,-0.0575,0,0.0239,0.0574,0.9981,0,0,17.5104,0,1]},
{"frame":101,"values":[0.9997,-0.0083,-0.0235,0,0.0068,0.998,-0.0627,0,0.0239,0.0625,0.9978,0,0,17.5104,0,1]},
{"frame":102,"values":[0.9997,-0.0087,-0.0233,0,0.0068,0.997,-0.0774,0,0.0239,0.0772,0.9967,0,0,17.5104,0,1]},
{"frame":103,"values":[0.9997,-0.0092,-0.0231,0,0.0069,0.9949,-0.1011,0,0.0239,0.1009,0.9946,0,0,17.5104,0,1]},
{"frame":104,"values":[0.9997,-0.01,-0.0228,0,0.0069,0.9912,-0.1319,0,0.0239,0.1317,0.991,0,0,17.5104,0,1]},
{"frame":105,"values":[0.9997,-0.0108,-0.0225,0,0.0069,0.986,-0.1666,0,0.0239,0.1664,0.9858,0,0,17.5104,0,1]},
{"frame":106,"values":[0.9997,-0.0116,-0.0221,0,0.0069,0.9795,-0.2011,0,0.0239,0.2009,0.9793,0,0,17.5104,0,1]},
{"frame":107,"values":[0.9997,-0.0123,-0.0217,0,0.0069,0.9728,-0.2314,0,0.0239,0.2312,0.9726,0,0,17.5104,0,1]},
{"frame":108,"values":[0.9997,-0.0128,-0.0214,0,0.0069,0.9671,-0.2544,0,0.0239,0.2542,0.9669,0,0,17.5104,0,1]},
{"frame":109,"values":[0.9997,-0.0131,-0.0212,0,0.0069,0.9633,-0.2685,0,0.0239,0.2683,0.963,0,0,17.5104,0,1]},
{"frame":110,"values":[0.9997,-0.0132,-0.0211,0,0.0069,0.9619,-0.2732,0,0.0239,0.2729,0.9617,0,0,17.5104,0,1]},
{"frame":120,"values":[0.9997,-0.0132,-0.0211,0,0.0069,0.9619,-0.2732,0,0.0239,0.2729,0.9617,0,0,17.5104,0,1]},
{"frame":150,"values":[0.9997,-0.0132,-0.0211,0,0.0069,0.9619,-0.2732,0,0.0239,0.2729,0.9617,0,0,17.5104,0,1]}],"loopBehavior":1,"name":"anim","property":"_matrix"}},
{"name":"a","index":2,"matrix":[0.997,0.0718,0.0286,0,-0.0737,0.9947,0.0719,0,-0.0232,-0.0738,0.997,0,0,28.3511,0,1],"rest":[0.997,0.0718,0.0286,0,-0.0737,0.9947,0.0719,0,-0.0232,-0.0738,0.997,0,0,28.3511,0,1],"parentBoneIndex":1,"length":9.5765
,"animation":{"dataType":3,"framePerSecond":30,"keys":[
{"frame":0,"values":[0.997,0.0718,0.0286,0,-0.0737,0.9947,0.0719,0,-0.0232,-0.0738,0.997,0,0,28.3511,0,1]},
{"frame":30,"values":[0.997,0.0718,0.0286,0,-0.0737,0.9947,0.0719,0,-0.0232,-0.0738,0.997,0,0,28.3511,0,1]},
{"frame":40,"values":[0.997,0.0718,0.0286,0,-0.0737,0.9947,0.0719,0,-0.0232,-0.0738,0.997,0,0,28.3511,0,1]},
{"frame":41,"values":[0.997,0.0719,0.0273,0,-0.0733,0.9959,0.0529,0,-0.0234,-0.0548,0.9982,0,0,28.3511,0,1]},
{"frame":42,"values":[0.9971,0.072,0.0236,0,-0.0719,0.9974,-0.0042,0,-0.0238,0.0024,0.9997,0,0,28.3511,0,1]},
{"frame":43,"values":[0.9973,0.0717,0.0177,0,-0.0697,0.9931,-0.0945,0,-0.0244,0.093,0.9954,0,0,28.3511,0,1]},
{"frame":44,"values":[0.9974,0.0706,0.0106,0,-0.067,0.9767,-0.2041,0,-0.0247,0.2028,0.9789,0,0,28.3511,0,1]},
{"frame":45,"values":[0.9976,0.0688,0.0036,0,-0.0642,0.9482,-0.3111,0,-0.0248,0.3101,0.9504,0,0,28.3511,0,1]},
{"frame":46,"values":[0.9978,0.0667,-0.0019,0,-0.062,0.9163,-0.3957,0,-0.0246,0.3949,0.9184,0,0,28.3511,0,1]},
{"frame":47,"values":[0.9979,0.0651,-0.0053,0,-0.0606,0.8922,-0.4475,0,-0.0244,0.4468,0.8943,0,0,28.3511,0,1]},
{"frame":48,"values":[0.9979,0.0645,-0.0064,0,-0.0601,0.8836,-0.4644,0,-0.0243,0.4638,0.8856,0,0,28.3511,0,1]},
{"frame":49,"values":[0.9978,0.0658,-0.0038,0,-0.0612,0.9035,-0.4242,0,-0.0245,0.4235,0.9056,0,0,28.3511,0,1]},
{"frame":50,"values":[0.9976,0.069,0.0045,0,-0.0646,0.9525,-0.2976,0,-0.0248,0.2966,0.9547,0,0,28.3511,0,1]},
{"frame":51,"values":[0.9973,0.0717,0.0181,0,-0.0699,0.9936,-0.0888,0,-0.0243,0.0873,0.9959,0,0,28.3511,0,1]},
{"frame":52,"values":[0.9969,0.0712,0.0341,0,-0.0757,0.9848,0.1562,0,-0.0224,-0.1583,0.9871,0,0,28.3511,0,1]},
{"frame":53,"values":[0.9966,0.0675,0.0475,0,-0.0802,0.9286,0.3623,0,-0.0196,-0.3649,0.9309,0,0,28.3511,0,1]},
{"frame":54,"values":[0.9964,0.0638,0.0555,0,-0.0827,0.8705,0.4853,0,-0.0174,-0.4881,0.8726,0,0,28.3511,0,1]},
{"frame":55,"values":[0.9964,0.0623,0.058,0,-0.0835,0.8481,0.5232,0,-0.0166,-0.5261,0.8503,0,0,28.3511,0,1]},
{"frame":56,"values":[0.9964,0.0633,0.0564,0,-0.083,0.8632,0.498,0,-0.0171,-0.5009,0.8653,0,0,28.3511,0,1]},
{"frame":57,"values":[0.9965,0.0657,0.0518,0,-0.0816,0.9004,0.4274,0,-0.0185,-0.4301,0.9026,0,0,28.3511,0,1]},
{"frame":58,"values":[0.9966,0.0682,0.0456,0,-0.0796,0.9395,0.3331,0,-0.0201,-0.3356,0.9418,0,0,28.3511,0,1]},
{"frame":59,"values":[0.9967,0.0698,0.0407,0,-0.0779,0.9632,0.2573,0,-0.0212,-0.2596,0.9655,0,0,28.3511,0,1]},
{"frame":60,"values":[0.9968,0.0702,0.0389,0,-0.0773,0.9701,0.23,0,-0.0216,-0.2323,0.9724,0,0,28.3511,0,1]},
{"frame":61,"values":[0.9968,0.0702,0.039,0,-0.0774,0.9696,0.2323,0,-0.0215,-0.2346,0.9718,0,0,28.3511,0,1]},
{"frame":62,"values":[0.9968,0.0701,0.0395,0,-0.0775,0.968,0.2389,0,-0.0214,-0.2411,0.9703,0,0,28.3511,0,1]},
{"frame":63,"values":[0.9967,0.07,0.04,0,-0.0777,0.9658,0.2472,0,-0.0213,-0.2495,0.9681,0,0,28.3511,0,1]},
{"frame":64,"values":[0.9967,0.0698,0.0404,0,-0.0779,0.9641,0.2537,0,-0.0213,-0.256,0.9664,0,0,28.3512,0,1]},
{"frame":65,"values":[0.9967,0.0698,0.0406,0,-0.0779,0.9635,0.256,0,-0.0212,-0.2583,0.9658,0,0,28.3512,0,1]},
{"frame":66,"values":[0.9968,0.0701,0.0395,0,-0.0775,0.9677,0.2399,0,-0.0214,-0.2422,0.97,0,0,28.3511,0,1]},
{"frame":67,"values":[0.9968,0.0707,0.0365,0,-0.0765,0.978,0.1943,0,-0.022,-0.1965,0.9803,0,0,28.3511,0,1]},
{"frame":68,"values":[0.9969,0.0714,0.0327,0,-0.0752,0.988,0.135,0,-0.0226,-0.137,0.9903,0,0,28.3511,0,1]},
{"frame":69,"values":[0.997,0.0717,0.0296,0,-0.0741,0.9933,0.0885,0,-0.0231,-0.0904,0.9956,0,0,28.3511,0,1]},
{"frame":70,"values":[0.997,0.0718,0.0286,0,-0.0737,0.9947,0.0719,0,-0.0232,-0.0738,0.997,0,0,28.3511,0,1]},
{"frame":80,"values":[0.997,0.0718,0.0286,0,-0.0737,0.9947,0.0719,0,-0.0232,-0.0738,0.997,0,0,28.3511,0,1]},
{"frame":81,"values":[0.997,0.0719,0.0278,0,-0.0735,0.9954,0.0607,0,-0.0233,-0.0626,0.9978,0,0,28.3511,0,1]},
{"frame":82,"values":[0.9971,0.072,0.0256,0,-0.0727,0.997,0.0269,0,-0.0236,-0.0286,0.9993,0,0,28.3511,0,1]},
{"frame":83,"values":[0.9972,0.072,0.022,0,-0.0713,0.997,-0.0284,0,-0.024,0.0267,0.9994,0,0,28.3511,0,1]},
{"frame":84,"values":[0.9973,0.0717,0.0173,0,-0.0696,0.9925,-0.1007,0,-0.0244,0.0992,0.9948,0,0,28.3511,0,1]},
{"frame":85,"values":[0.9974,0.0709,0.012,0,-0.0675,0.981,-0.182,0,-0.0247,0.1807,0.9832,0,0,28.3511,0,1]},
{"frame":86,"values":[0.9975,0.0697,0.0068,0,-0.0655,0.9628,-0.2621,0,-0.0248,0.261,0.965,0,0,28.3511,0,1]},
{"frame":87,"values":[0.9977,0.0683,0.0023,0,-0.0637,0.9414,-0.3312,0,-0.0248,0.3303,0.9435,0,0,28.3511,0,1]},
{"frame":88,"values":[0.9978,0.067,-0.0011,0,-0.0623,0.9216,-0.3831,0,-0.0247,0.3823,0.9237,0,0,28.3512,0,1]},
{"frame":89,"values":[0.9978,0.0661,-0.0032,0,-0.0615,0.9078,-0.4149,0,-0.0246,0.4142,0.9099,0,0,28.3511,0,1]},
{"frame":90,"values":[0.9978,0.0658,-0.0039,0,-0.0612,0.9025,-0.4264,0,-0.0245,0.4257,0.9045,0,0,28.3511,0,1]},
{"frame":91,"values":[0.9978,0.0664,-0.0025,0,-0.0618,0.9126,-0.4042,0,-0.0246,0.4035,0.9147,0,0,28.3511,0,1]},
{"frame":92,"values":[0.9977,0.0683,0.0023,0,-0.0637,0.9412,-0.3317,0,-0.0248,0.3308,0.9434,0,0,28.3511,0,1]},
{"frame":93,"values":[0.9974,0.0706,0.0105,0,-0.067,0.9764,-0.2053,0,-0.0247,0.204,0.9787,0,0,28.3511,0,1]},
{"frame":94,"values":[0.9972,0.072,0.022,0,-0.0713,0.997,-0.0294,0,-0.024,0.0277,0.9993,0,0,28.3511,0,1]},
{"frame":95,"values":[0.9969,0.071,0.0352,0,-0.0761,0.9817,0.1743,0,-0.0222,-0.1764,0.9841,0,0,28.3511,0,1]},
{"frame":96,"values":[0.9966,0.0673,0.048,0,-0.0804,0.9255,0.3702,0,-0.0195,-0.3728,0.9277,0,0,28.3511,0,1]},
{"frame":97,"values":[0.9964,0.0621,0.0583,0,-0.0836,0.8457,0.5271,0,-0.0165,-0.5301,0.8478,0,0,28.3511,0,1]},
{"frame":98,"values":[0.9962,0.0572,0.0652,0,-0.0856,0.7694,0.633,0,-0.0139,-0.6362,0.7714,0,0,28.3511,0,1]},
{"frame":99,"values":[0.9962,0.0538,0.069,0,-0.0866,0.7174,0.6912,0,-0.0123,-0.6946,0.7193,0,0,28.3511,0,1]},
{"frame":100,"values":[0.9961,0.0526,0.0702,0,-0.0869,0.6995,0.7094,0,-0.0117,-0.7127,0.7013,0,0,28.3511,0,1]},
{"frame":101,"values":[0.9962,0.0534,0.0694,0,-0.0867,0.7105,0.6983,0,-0.0121,-0.7017,0.7124,0,0,28.3512,0,1]},
{"frame":102,"values":[0.9962,0.0555,0.0672,0,-0.0861,0.7428,0.664,0,-0.0131,-0.6672,0.7447,0,0,28.3511,0,1]},
{"frame":103,"values":[0.9963,0.0587,0.0633,0,-0.085,0.7922,0.6044,0,-0.0147,-0.6075,0.7942,0,0,28.3511,0,1]},
{"frame":104,"values":[0.9964,0.0624,0.0578,0,-0.0834,0.85,0.5202,0,-0.0167,-0.5231,0.8521,0,0,28.3511,0,1]},
{"frame":105,"values":[0.9965,0.066,0.0511,0,-0.0814,0.905,0.4176,0,-0.0187,-0.4203,0.9072,0,0,28.3511,0,1]},
{"frame":106,"values":[0.9967,0.0688,0.044,0,-0.0791,0.9477,0.3092,0,-0.0205,-0.3117,0.95,0,0,28.3511,0,1]},
{"frame":107,"values":[0.9968,0.0705,0.0376,0,-0.0769,0.9745,0.2106,0,-0.0218,-0.2129,0.9768,0,0,28.3511,0,1]},
{"frame":108,"values":[0.9969,0.0714,0.0326,0,-0.0752,0.9881,0.1344,0,-0.0227,-0.1364,0.9904,0,0,28.3511,0,1]},
{"frame":109,"values":[0.997,0.0717,0.0296,0,-0.0741,0.9934,0.0875,0,-0.0231,-0.0894,0.9957,0,0,28.3511,0,1]},
{"frame":110,"values":[0.997,0.0718,0.0286,0,-0.0737,0.9947,0.0719,0,-0.0232,-0.0738,0.997,0,0,28.3511,0,1]},
{"frame":120,"values":[0.997,0.0718,0.0286,0,-0.0737,0.9947,0.0719,0,-0.0232,-0.0738,0.997,0,0,28.3511,0,1]},
{"frame":150,"values":[0.997,0.0718,0.0286,0,-0.0737,0.9947,0.0719,0,-0.0232,-0.0738,0.997,0,0,28.3511,0,1]}],"loopBehavior":1,"name":"anim","property":"_matrix"}},
{"name":"f3p3","index":3,"matrix":[-0.106,0.9032,0.416,0,-0.9879,-0.1432,0.0592,0,0.1131,-0.4047,0.9074,0,0,9.5765,0,1],"rest":[0.9702,0.2401,0.0337,0,-0.2424,0.9636,0.1126,0,-0.0054,-0.1174,0.9931,0,0,9.5765,0,1],"parentBoneIndex":2,"length":4.4412
,"animation":{"dataType":3,"framePerSecond":30,"keys":[
{"frame":0,"values":[0.6713,0.3321,0.6627,0,-0.6478,0.6973,0.3068,0,-0.3602,-0.6352,0.6832,0,0,9.5765,0,1]},
{"frame":30,"values":[0.6713,0.3321,0.6627,0,-0.6478,0.6973,0.3068,0,-0.3602,-0.6352,0.6832,0,0,9.5765,0,1]},
{"frame":40,"values":[0.6713,0.3321,0.6627,0,-0.6478,0.6973,0.3068,0,-0.3602,-0.6352,0.6832,0,0,9.5765,0,1]},
{"frame":70,"values":[0.6713,0.3321,0.6627,0,-0.6478,0.6973,0.3068,0,-0.3602,-0.6352,0.6832,0,0,9.5765,0,1]},
{"frame":80,"values":[-0.106,0.9032,0.416,0,-0.9879,-0.1432,0.0592,0,0.1131,-0.4047,0.9074,0,0,9.5765,0,1]},
{"frame":110,"values":[-0.106,0.9032,0.416,0,-0.9879,-0.1432,0.0592,0,0.1131,-0.4047,0.9074,0,0,9.5765,0,1]},
{"frame":120,"values":[-0.106,0.9032,0.416,0,-0.9879,-0.1432,0.0592,0,0.1131,-0.4047,0.9074,0,0,9.5765,0,1]},
{"frame":150,"values":[-0.106,0.9032,0.416,0,-0.9879,-0.1432,0.0592,0,0.1131,-0.4047,0.9074,0,0,9.5765,0,1]}],"loopBehavior":1,"name":"anim","property":"_matrix"}},
{"name":"f3p2","index":4,"matrix":[-0.2223,0.9686,-0.1113,0,-0.9475,-0.1877,0.2588,0,0.2298,0.163,0.9595,0,0,4.4412,0,1],"rest":[1,0.0005,-0.0032,0,-0.0006,0.9999,-0.0103,0,0.0032,0.0103,0.9999,0,0,4.4412,0,1],"parentBoneIndex":3,"length":2.7959
,"animation":{"dataType":3,"framePerSecond":30,"keys":[
{"frame":0,"values":[-0.6101,0.7793,0.143,0,-0.7499,-0.6263,0.2133,0,0.2558,0.0229,0.9665,0,0,4.4412,0,1]},
{"frame":30,"values":[-0.6101,0.7793,0.143,0,-0.7499,-0.6263,0.2133,0,0.2558,0.0229,0.9665,0,0,4.4412,0,1]},
{"frame":40,"values":[-0.6101,0.7793,0.143,0,-0.7499,-0.6263,0.2133,0,0.2558,0.0229,0.9665,0,0,4.4412,0,1]},
{"frame":70,"values":[-0.6101,0.7793,0.143,0,-0.7499,-0.6263,0.2133,0,0.2558,0.0229,0.9665,0,0,4.4412,0,1]},
{"frame":80,"values":[-0.2223,0.9686,-0.1113,0,-0.9475,-0.1877,0.2588,0,0.2298,0.163,0.9595,0,0,4.4412,0,1]},
{"frame":110,"values":[-0.2223,0.9686,-0.1113,0,-0.9475,-0.1877,0.2588,0,0.2298,0.163,0.9595,0,0,4.4412,0,1]},
{"frame":120,"values":[-0.2223,0.9686,-0.1113,0,-0.9475,-0.1877,0.2588,0,0.2298,0.163,0.9595,0,0,4.4412,0,1]},
{"frame":150,"values":[-0.2223,0.9686,-0.1113,0,-0.9475,-0.1877,0.2588,0,0.2298,0.163,0.9595,0,0,4.4412,0,1]}],"loopBehavior":1,"name":"anim","property":"_matrix"}},
{"name":"f3p1","index":5,"matrix":[0.8975,0.4407,-0.0181,0,-0.4402,0.8975,0.0274,0,0.0284,-0.0166,0.9995,0,0,2.7959,0,1],"rest":[1,-0.0017,0.0085,0,0.0015,0.9996,0.0278,0,-0.0086,-0.0278,0.9996,0,0,2.7959,0,1],"parentBoneIndex":4,"length":2.2787
,"animation":{"dataType":3,"framePerSecond":30,"keys":[
{"frame":0,"values":[0.8975,0.4407,-0.0181,0,-0.4402,0.8975,0.0274,0,0.0284,-0.0166,0.9995,0,0,2.7959,0,1]},
{"frame":30,"values":[0.8975,0.4407,-0.0181,0,-0.4402,0.8975,0.0274,0,0.0284,-0.0166,0.9995,0,0,2.7959,0,1]},
{"frame":40,"values":[0.8975,0.4407,-0.0181,0,-0.4402,0.8975,0.0274,0,0.0284,-0.0166,0.9995,0,0,2.7959,0,1]},
{"frame":70,"values":[0.8975,0.4407,-0.0181,0,-0.4402,0.8975,0.0274,0,0.0284,-0.0166,0.9995,0,0,2.7959,0,1]},
{"frame":80,"values":[0.8975,0.4407,-0.0181,0,-0.4402,0.8975,0.0274,0,0.0284,-0.0166,0.9995,0,0,2.7959,0,1]},
{"frame":110,"values":[0.8975,0.4407,-0.0181,0,-0.4402,0.8975,0.0274,0,0.0284,-0.0166,0.9995,0,0,2.7959,0,1]},
{"frame":120,"values":[0.8975,0.4407,-0.0181,0,-0.4402,0.8975,0.0274,0,0.0284,-0.0166,0.9995,0,0,2.7959,0,1]},
{"frame":150,"values":[0.8975,0.4407,-0.0181,0,-0.4402,0.8975,0.0274,0,0.0284,-0.0166,0.9995,0,0,2.7959,0,1]}],"loopBehavior":1,"name":"anim","property":"_matrix"}},
{"name":"f2p3","index":6,"matrix":[0.12,0.987,0.1073,0,-0.9926,0.1211,-0.0043,0,-0.0172,-0.106,0.9942,0,0.6502,9.2159,-2.0051,1],"rest":[0.9689,0.2461,-0.0235,0,-0.2472,0.9662,-0.0729,0,0.0048,0.0765,0.9971,0,0.6502,9.2159,-2.0051,1],"parentBoneIndex":2,"length":4.4412
,"animation":{"dataType":3,"framePerSecond":30,"keys":[
{"frame":0,"values":[0.8879,0.3131,0.3369,0,-0.4215,0.8471,0.3236,0,-0.1841,-0.4294,0.8842,0,0.5638,9.6593,-2.0341,1]},
{"frame":30,"values":[0.8879,0.3131,0.3369,0,-0.4215,0.8471,0.3236,0,-0.1841,-0.4294,0.8842,0,0.5638,9.6593,-2.0341,1]},
{"frame":40,"values":[0.8879,0.3131,0.3369,0,-0.4215,0.8471,0.3236,0,-0.1841,-0.4294,0.8842,0,0.5638,9.6593,-2.0341,1]},
{"frame":45,"values":[0.8879,0.3131,0.3369,0,-0.4215,0.8471,0.3236,0,-0.1841,-0.4294,0.8842,0,0.5638,9.6593,-2.034,1]},
{"frame":46,"values":[0.8879,0.3131,0.3369,0,-0.4215,0.8471,0.3236,0,-0.1841,-0.4294,0.8842,0,0.5638,9.6593,-2.0341,1]},
{"frame":47,"values":[0.8879,0.3131,0.3369,0,-0.4215,0.8471,0.3236,0,-0.1841,-0.4294,0.8842,0,0.5638,9.6593,-2.034,1]},
{"frame":48,"values":[0.8879,0.3131,0.3369,0,-0.4215,0.8471,0.3236,0,-0.1841,-0.4294,0.8842,0,0.5638,9.6593,-2.0341,1]},
{"frame":50,"values":[0.8879,0.3131,0.3369,0,-0.4215,0.8471,0.3236,0,-0.1841,-0.4294,0.8842,0,0.5638,9.6593,-2.034,1]},
{"frame":51,"values":[0.8879,0.3131,0.3369,0,-0.4215,0.8471,0.3236,0,-0.1841,-0.4294,0.8842,0,0.5638,9.6593,-2.0341,1]},
{"frame":54,"values":[0.8879,0.3131,0.3369,0,-0.4215,0.8471,0.3236,0,-0.1841,-0.4294,0.8842,0,0.5638,9.6593,-2.034,1]},
{"frame":55,"values":[0.8879,0.3131,0.3369,0,-0.4215,0.8471,0.3236,0,-0.1841,-0.4294,0.8842,0,0.5638,9.6593,-2.0341,1]},
{"frame":64,"values":[0.8879,0.3131,0.3369,0,-0.4215,0.8471,0.3236,0,-0.1841,-0.4294,0.8842,0,0.5638,9.6593,-2.034,1]},
{"frame":67,"values":[0.8879,0.3131,0.3369,0,-0.4215,0.8471,0.3236,0,-0.1841,-0.4294,0.8842,0,0.5638,9.6593,-2.0341,1]},
{"frame":70,"values":[0.8879,0.3131,0.3369,0,-0.4215,0.8471,0.3236,0,-0.1841,-0.4294,0.8842,0,0.5638,9.6593,-2.0341,1]},
{"frame":80,"values":[0.12,0.987,0.1073,0,-0.9926,0.1211,-0.0043,0,-0.0172,-0.106,0.9942,0,0.6502,9.2159,-2.0051,1]},
{"frame":110,"values":[0.12,0.987,0.1073,0,-0.9926,0.1211,-0.0043,0,-0.0172,-0.106,0.9942,0,0.6502,9.2159,-2.0051,1]},
{"frame":120,"values":[0.12,0.987,0.1073,0,-0.9926,0.1211,-0.0043,0,-0.0172,-0.106,0.9942,0,0.6502,9.2159,-2.0051,1]},
{"frame":150,"values":[0.12,0.987,0.1073,0,-0.9926,0.1211,-0.0043,0,-0.0172,-0.106,0.9942,0,0.6502,9.2159,-2.0051,1]}],"loopBehavior":1,"name":"anim","property":"_matrix"}},
{"name":"f2p2","index":7,"matrix":[-0.0953,0.995,0.0309,0,-0.9922,-0.0974,0.0784,0,0.081,-0.0231,0.9964,0,0,4.4412,0,1],"rest":[0.9996,-0.0022,0.0269,0,-0.0002,0.9962,0.0868,0,-0.027,-0.0868,0.9959,0,0,4.4412,0,1],"parentBoneIndex":6,"length":2.7648
,"animation":{"dataType":3,"framePerSecond":30,"keys":[
{"frame":0,"values":[-0.5073,0.8532,0.1211,0,-0.8576,-0.5137,0.0266,0,0.0849,-0.0904,0.9923,0,0,4.4412,0,1]},
{"frame":30,"values":[-0.5073,0.8532,0.1211,0,-0.8576,-0.5137,0.0266,0,0.0849,-0.0904,0.9923,0,0,4.4412,0,1]},
{"frame":40,"values":[-0.5073,0.8532,0.1211,0,-0.8576,-0.5137,0.0266,0,0.0849,-0.0904,0.9923,0,0,4.4412,0,1]},
{"frame":70,"values":[-0.5073,0.8532,0.1211,0,-0.8576,-0.5137,0.0266,0,0.0849,-0.0904,0.9923,0,0,4.4412,0,1]},
{"frame":80,"values":[-0.0953,0.995,0.0309,0,-0.9922,-0.0974,0.0784,0,0.081,-0.0231,0.9964,0,0,4.4412,0,1]},
{"frame":110,"values":[-0.0953,0.995,0.0309,0,-0.9922,-0.0974,0.0784,0,0.081,-0.0231,0.9964,0,0,4.4412,0,1]},
{"frame":120,"values":[-0.0953,0.995,0.0309,0,-0.9922,-0.0974,0.0784,0,0.081,-0.0231,0.9964,0,0,4.4412,0,1]},
{"frame":150,"values":[-0.0953,0.995,0.0309,0,-0.9922,-0.0974,0.0784,0,0.081,-0.0231,0.9964,0,0,4.4412,0,1]}],"loopBehavior":1,"name":"anim","property":"_matrix"}},
{"name":"f2p1","index":8,"matrix":[0.853,0.5198,-0.0465,0,-0.5204,0.8539,-0.0011,0,0.0391,0.0251,0.9989,0,0,2.7648,0,1],"rest":[1,0.0004,-0.0081,0,-0.0007,0.9997,-0.026,0,0.0081,0.026,0.9996,0,0,2.7648,0,1],"parentBoneIndex":7,"length":2.2627
,"animation":{"dataType":3,"framePerSecond":30,"keys":[
{"frame":0,"values":[0.853,0.5198,-0.0465,0,-0.5204,0.8539,-0.0011,0,0.0391,0.0251,0.9989,0,0,2.7648,0,1]},
{"frame":30,"values":[0.853,0.5198,-0.0465,0,-0.5204,0.8539,-0.0011,0,0.0391,0.0251,0.9989,0,0,2.7648,0,1]},
{"frame":40,"values":[0.853,0.5198,-0.0465,0,-0.5204,0.8539,-0.0011,0,0.0391,0.0251,0.9989,0,0,2.7648,0,1]},
{"frame":70,"values":[0.853,0.5198,-0.0465,0,-0.5204,0.8539,-0.0011,0,0.0391,0.0251,0.9989,0,0,2.7648,0,1]},
{"frame":80,"values":[0.853,0.5198,-0.0465,0,-0.5204,0.8539,-0.0011,0,0.0391,0.0251,0.9989,0,0,2.7648,0,1]},
{"frame":110,"values":[0.853,0.5198,-0.0465,0,-0.5204,0.8539,-0.0011,0,0.0391,0.0251,0.9989,0,0,2.7648,0,1]},
{"frame":120,"values":[0.853,0.5198,-0.0465,0,-0.5204,0.8539,-0.0011,0,0.0391,0.0251,0.9989,0,0,2.7648,0,1]},
{"frame":150,"values":[0.853,0.5198,-0.0465,0,-0.5204,0.8539,-0.0011,0,0.0391,0.0251,0.9989,0,0,2.7648,0,1]}],"loopBehavior":1,"name":"anim","property":"_matrix"}},
{"name":"f4p3","index":9,"matrix":[-0.144,0.8494,0.5078,0,-0.9813,-0.1887,0.0373,0,0.1275,-0.4929,0.8607,0,-0.5324,9.1753,2.2208,1],"rest":[0.9702,0.2401,0.0337,0,-0.2424,0.9636,0.1126,0,-0.0054,-0.1174,0.9931,0,-0.5324,9.1753,2.2208,1],"parentBoneIndex":2,"length":3.886
,"animation":{"dataType":3,"framePerSecond":30,"keys":[
{"frame":0,"values":[0.5482,0.6058,0.5766,0,-0.7921,0.5973,0.1255,0,-0.2684,-0.5255,0.8073,0,-0.4583,8.9046,2.1665,1]},
{"frame":30,"values":[0.5482,0.6058,0.5766,0,-0.7921,0.5973,0.1255,0,-0.2684,-0.5255,0.8073,0,-0.4583,8.9046,2.1665,1]},
{"frame":40,"values":[0.5482,0.6058,0.5766,0,-0.7921,0.5973,0.1255,0,-0.2684,-0.5255,0.8073,0,-0.4583,8.9046,2.1665,1]},
{"frame":70,"values":[0.5482,0.6058,0.5766,0,-0.7921,0.5973,0.1255,0,-0.2684,-0.5255,0.8073,0,-0.4583,8.9046,2.1665,1]},
{"frame":80,"values":[-0.144,0.8494,0.5078,0,-0.9813,-0.1887,0.0373,0,0.1275,-0.4929,0.8607,0,-0.5324,9.1753,2.2208,1]},
{"frame":84,"values":[-0.144,0.8494,0.5078,0,-0.9813,-0.1887,0.0373,0,0.1275,-0.4929,0.8607,0,-0.5324,9.1754,2.2208,1]},
{"frame":85,"values":[-0.144,0.8494,0.5078,0,-0.9813,-0.1887,0.0373,0,0.1275,-0.4929,0.8607,0,-0.5324,9.1753,2.2208,1]},
{"frame":89,"values":[-0.144,0.8494,0.5078,0,-0.9813,-0.1887,0.0373,0,0.1275,-0.4929,0.8607,0,-0.5324,9.1754,2.2208,1]},
{"frame":90,"values":[-0.144,0.8494,0.5078,0,-0.9813,-0.1887,0.0373,0,0.1275,-0.4929,0.8607,0,-0.5324,9.1753,2.2208,1]},
{"frame":95,"values":[-0.144,0.8494,0.5078,0,-0.9813,-0.1887,0.0373,0,0.1275,-0.4929,0.8607,0,-0.5324,9.1754,2.2208,1]},
{"frame":97,"values":[-0.144,0.8494,0.5078,0,-0.9813,-0.1887,0.0373,0,0.1275,-0.4929,0.8607,0,-0.5324,9.1753,2.2208,1]},
{"frame":98,"values":[-0.144,0.8494,0.5078,0,-0.9813,-0.1887,0.0373,0,0.1275,-0.4929,0.8607,0,-0.5324,9.1754,2.2208,1]},
{"frame":99,"values":[-0.144,0.8494,0.5078,0,-0.9813,-0.1887,0.0373,0,0.1275,-0.4929,0.8607,0,-0.5324,9.1753,2.2208,1]},
{"frame":105,"values":[-0.144,0.8494,0.5078,0,-0.9813,-0.1887,0.0373,0,0.1275,-0.4929,0.8607,0,-0.5324,9.1754,2.2208,1]},
{"frame":106,"values":[-0.144,0.8494,0.5078,0,-0.9813,-0.1887,0.0373,0,0.1275,-0.4929,0.8607,0,-0.5324,9.1753,2.2208,1]},
{"frame":107,"values":[-0.144,0.8494,0.5078,0,-0.9813,-0.1887,0.0373,0,0.1275,-0.4929,0.8607,0,-0.5324,9.1754,2.2208,1]},
{"frame":109,"values":[-0.144,0.8494,0.5078,0,-0.9813,-0.1887,0.0373,0,0.1275,-0.4929,0.8607,0,-0.5324,9.1753,2.2208,1]},
{"frame":110,"values":[-0.144,0.8494,0.5078,0,-0.9813,-0.1887,0.0373,0,0.1275,-0.4929,0.8607,0,-0.5324,9.1753,2.2208,1]},
{"frame":120,"values":[-0.144,0.8494,0.5078,0,-0.9813,-0.1887,0.0373,0,0.1275,-0.4929,0.8607,0,-0.5324,9.1753,2.2208,1]},
{"frame":150,"values":[-0.144,0.8494,0.5078,0,-0.9813,-0.1887,0.0373,0,0.1275,-0.4929,0.8607,0,-0.5324,9.1753,2.2208,1]}],"loopBehavior":1,"name":"anim","property":"_matrix"}},
{"name":"f4p2","index":10,"matrix":[-0.3036,0.9502,-0.0702,0,-0.9215,-0.2741,0.2753,0,0.2423,0.1483,0.9588,0,0,3.886,0,1],"rest":[1,-0.0019,0.0091,0,0.0017,0.9996,0.0297,0,-0.0091,-0.0297,0.9995,0,0,3.886,0,1],"parentBoneIndex":9,"length":2.386
,"animation":{"dataType":3,"framePerSecond":30,"keys":[
{"frame":0,"values":[-0.6777,0.7338,-0.0478,0,-0.7344,-0.6787,-0.0066,0,-0.0373,0.0307,0.9988,0,0,3.886,0,1]},
{"frame":30,"values":[-0.6777,0.7338,-0.0478,0,-0.7344,-0.6787,-0.0066,0,-0.0373,0.0307,0.9988,0,0,3.886,0,1]},
{"frame":40,"values":[-0.6777,0.7338,-0.0478,0,-0.7344,-0.6787,-0.0066,0,-0.0373,0.0307,0.9988,0,0,3.886,0,1]},
{"frame":70,"values":[-0.6777,0.7338,-0.0478,0,-0.7344,-0.6787,-0.0066,0,-0.0373,0.0307,0.9988,0,0,3.886,0,1]},
{"frame":80,"values":[-0.3036,0.9502,-0.0702,0,-0.9215,-0.2741,0.2753,0,0.2423,0.1483,0.9588,0,0,3.886,0,1]},
{"frame":110,"values":[-0.3036,0.9502,-0.0702,0,-0.9215,-0.2741,0.2753,0,0.2423,0.1483,0.9588,0,0,3.886,0,1]},
{"frame":120,"values":[-0.3036,0.9502,-0.0702,0,-0.9215,-0.2741,0.2753,0,0.2423,0.1483,0.9588,0,0,3.886,0,1]},
{"frame":150,"values":[-0.3036,0.9502,-0.0702,0,-0.9215,-0.2741,0.2753,0,0.2423,0.1483,0.9588,0,0,3.886,0,1]}],"loopBehavior":1,"name":"anim","property":"_matrix"}},
{"name":"f4p1","index":11,"matrix":[0.9293,0.3533,0.1073,0,-0.3532,0.9353,-0.0209,0,-0.1078,-0.0184,0.994,0,0,2.386,0,1],"rest":[0.9999,-0.0044,0.0162,0,0.0035,0.9986,0.0536,0,-0.0164,-0.0536,0.9984,0,0,2.386,0,1],"parentBoneIndex":10,"length":2.2885
,"animation":{"dataType":3,"framePerSecond":30,"keys":[
{"frame":0,"values":[0.9996,-0.0038,0.0268,0,0.0035,0.9999,0.0137,0,-0.0268,-0.0136,0.9995,0,0,2.386,0,1]},
{"frame":30,"values":[0.9996,-0.0038,0.0268,0,0.0035,0.9999,0.0137,0,-0.0268,-0.0136,0.9995,0,0,2.386,0,1]},
{"frame":40,"values":[0.9996,-0.0038,0.0268,0,0.0035,0.9999,0.0137,0,-0.0268,-0.0136,0.9995,0,0,2.386,0,1]},
{"frame":70,"values":[0.9996,-0.0038,0.0268,0,0.0035,0.9999,0.0137,0,-0.0268,-0.0136,0.9995,0,0,2.386,0,1]},
{"frame":80,"values":[0.9293,0.3533,0.1073,0,-0.3532,0.9353,-0.0209,0,-0.1078,-0.0184,0.994,0,0,2.386,0,1]},
{"frame":110,"values":[0.9293,0.3533,0.1073,0,-0.3532,0.9353,-0.0209,0,-0.1078,-0.0184,0.994,0,0,2.386,0,1]},
{"frame":120,"values":[0.9293,0.3533,0.1073,0,-0.3532,0.9353,-0.0209,0,-0.1078,-0.0184,0.994,0,0,2.386,0,1]},
{"frame":150,"values":[0.9293,0.3533,0.1073,0,-0.3532,0.9353,-0.0209,0,-0.1078,-0.0184,0.994,0,0,2.386,0,1]}],"loopBehavior":1,"name":"anim","property":"_matrix"}},
{"name":"f5p3","index":12,"matrix":[-0.1507,0.9124,0.3806,0,-0.9716,-0.2078,0.1133,0,0.1825,-0.3527,0.9178,0,-1.1324,8.524,3.9135,1],"rest":[0.9585,0.2707,0.0896,0,-0.2847,0.9257,0.2492,0,-0.0155,-0.2643,0.9643,0,-1.1324,8.524,3.9135,1],"parentBoneIndex":2,"length":2.5071
,"animation":{"dataType":3,"framePerSecond":30,"keys":[
{"frame":0,"values":[-0.0129,0.8162,0.5776,0,-0.9928,0.0584,-0.1047,0,-0.1192,-0.5748,0.8096,0,-1.4709,8.4124,3.7098,1]},
{"frame":4,"values":[-0.0129,0.8162,0.5776,0,-0.9928,0.0585,-0.1047,0,-0.1192,-0.5748,0.8096,0,-1.4709,8.4124,3.7098,1]},
{"frame":5,"values":[-0.0128,0.8162,0.5776,0,-0.9928,0.0585,-0.1047,0,-0.1192,-0.5748,0.8095,0,-1.4709,8.4124,3.7098,1]},
{"frame":6,"values":[-0.0128,0.8162,0.5777,0,-0.9928,0.0585,-0.1047,0,-0.1192,-0.5748,0.8095,0,-1.4709,8.4124,3.7098,1]},
{"frame":7,"values":[-0.0127,0.8162,0.5777,0,-0.9928,0.0586,-0.1046,0,-0.1192,-0.5748,0.8095,0,-1.4709,8.4124,3.7098,1]},
{"frame":8,"values":[-0.0126,0.8162,0.5777,0,-0.9928,0.0586,-0.1046,0,-0.1192,-0.5748,0.8095,0,-1.4709,8.4124,3.7098,1]},
{"frame":9,"values":[-0.0126,0.8162,0.5777,0,-0.9928,0.0587,-0.1045,0,-0.1192,-0.5748,0.8095,0,-1.4709,8.4124,3.7098,1]},
{"frame":10,"values":[-0.0125,0.8161,0.5777,0,-0.9928,0.0588,-0.1045,0,-0.1192,-0.5749,0.8095,0,-1.4709,8.4124,3.7098,1]},
{"frame":11,"values":[-0.0124,0.8161,0.5777,0,-0.9928,0.0589,-0.1045,0,-0.1193,-0.5749,0.8095,0,-1.4709,8.4124,3.7098,1]},
{"frame":12,"values":[-0.0123,0.8161,0.5778,0,-0.9928,0.0589,-0.1044,0,-0.1193,-0.5749,0.8095,0,-1.4709,8.4124,3.7098,1]},
{"frame":13,"values":[-0.0122,0.8161,0.5778,0,-0.9928,0.059,-0.1044,0,-0.1193,-0.5749,0.8095,0,-1.4709,8.4124,3.7098,1]},
{"frame":14,"values":[-0.0121,0.8161,0.5778,0,-0.9928,0.0591,-0.1043,0,-0.1193,-0.5749,0.8095,0,-1.4709,8.4124,3.7098,1]},
{"frame":15,"values":[-0.012,0.8161,0.5778,0,-0.9928,0.0592,-0.1042,0,-0.1193,-0.5749,0.8095,0,-1.4709,8.4124,3.7098,1]},
{"frame":16,"values":[-0.0119,0.8161,0.5778,0,-0.9928,0.0593,-0.1042,0,-0.1193,-0.5749,0.8095,0,-1.4709,8.4124,3.7098,1]},
{"frame":17,"values":[-0.0118,0.816,0.5779,0,-0.9928,0.0594,-0.1041,0,-0.1193,-0.5749,0.8095,0,-1.4709,8.4124,3.7098,1]},
{"frame":18,"values":[-0.0117,0.816,0.5779,0,-0.9928,0.0595,-0.1041,0,-0.1193,-0.5749,0.8095,0,-1.4709,8.4124,3.7098,1]},
{"frame":19,"values":[-0.0116,0.816,0.5779,0,-0.9928,0.0595,-0.104,0,-0.1193,-0.575,0.8094,0,-1.4709,8.4124,3.7098,1]},
{"frame":20,"values":[-0.0115,0.816,0.5779,0,-0.9928,0.0596,-0.104,0,-0.1193,-0.575,0.8094,0,-1.4709,8.4124,3.7098,1]},
{"frame":21,"values":[-0.0115,0.816,0.5779,0,-0.9928,0.0597,-0.1039,0,-0.1193,-0.575,0.8094,0,-1.4709,8.4124,3.7098,1]},
{"frame":22,"values":[-0.0114,0.816,0.578,0,-0.9928,0.0598,-0.1039,0,-0.1193,-0.575,0.8094,0,-1.4709,8.4124,3.7098,1]},
{"frame":23,"values":[-0.0113,0.816,0.578,0,-0.9928,0.0598,-0.1039,0,-0.1193,-0.575,0.8094,0,-1.4709,8.4124,3.7098,1]},
{"frame":24,"values":[-0.0113,0.816,0.578,0,-0.9928,0.0599,-0.1038,0,-0.1193,-0.575,0.8094,0,-1.4709,8.4124,3.7098,1]},
{"frame":25,"values":[-0.0112,0.816,0.578,0,-0.9928,0.0599,-0.1038,0,-0.1193,-0.575,0.8094,0,-1.4709,8.4124,3.7098,1]},
{"frame":27,"values":[-0.0111,0.8159,0.578,0,-0.9928,0.06,-0.1038,0,-0.1193,-0.575,0.8094,0,-1.4709,8.4124,3.7098,1]},
{"frame":29,"values":[-0.0111,0.8159,0.578,0,-0.9928,0.06,-0.1037,0,-0.1193,-0.575,0.8094,0,-1.4709,8.4124,3.7098,1]},
{"frame":30,"values":[-0.0111,0.8159,0.578,0,-0.9928,0.06,-0.1037,0,-0.1193,-0.575,0.8094,0,-1.4709,8.4124,3.7098,1]},
{"frame":40,"values":[-0.0129,0.8162,0.5776,0,-0.9928,0.0584,-0.1047,0,-0.1192,-0.5748,0.8096,0,-1.4709,8.4124,3.7098,1]},
{"frame":70,"values":[-0.0129,0.8162,0.5776,0,-0.9928,0.0584,-0.1047,0,-0.1192,-0.5748,0.8096,0,-1.4709,8.4124,3.7098,1]},
{"frame":80,"values":[-0.1507,0.9124,0.3806,0,-0.9716,-0.2078,0.1133,0,0.1825,-0.3527,0.9178,0,-1.1324,8.524,3.9135,1]},
{"frame":110,"values":[-0.1507,0.9124,0.3806,0,-0.9716,-0.2078,0.1133,0,0.1825,-0.3527,0.9178,0,-1.1324,8.524,3.9135,1]},
{"frame":120,"values":[-0.1507,0.9124,0.3806,0,-0.9716,-0.2078,0.1133,0,0.1825,-0.3527,0.9178,0,-1.1324,8.524,3.9135,1]},
{"frame":150,"values":[-0.1507,0.9124,0.3806,0,-0.9716,-0.2078,0.1133,0,0.1825,-0.3527,0.9178,0,-1.1324,8.524,3.9135,1]}],"loopBehavior":1,"name":"anim","property":"_matrix"}},
{"name":"f5p2","index":13,"matrix":[0.2018,0.9541,-0.2213,0,-0.9775,0.2104,0.0159,0,0.0617,0.2131,0.9751,0,0,2.5071,0,1],"rest":[0.9974,-0.0677,-0.0255,0,0.0656,0.9951,-0.0744,0,0.0304,0.0725,0.9969,0,0,2.5071,0,1],"parentBoneIndex":12,"length":1.8042
,"animation":{"dataType":3,"framePerSecond":30,"keys":[
{"frame":0,"values":[-0.5252,0.8473,-0.0788,0,-0.8443,-0.5304,-0.0761,0,-0.1063,0.0265,0.994,0,0,2.5071,0,1]},
{"frame":30,"values":[-0.5252,0.8473,-0.0788,0,-0.8443,-0.5304,-0.0761,0,-0.1063,0.0265,0.994,0,0,2.5071,0,1]},
{"frame":40,"values":[-0.5252,0.8473,-0.0788,0,-0.8443,-0.5304,-0.0761,0,-0.1063,0.0265,0.994,0,0,2.5071,0,1]},
{"frame":70,"values":[-0.5252,0.8473,-0.0788,0,-0.8443,-0.5304,-0.0761,0,-0.1063,0.0265,0.994,0,0,2.5071,0,1]},
{"frame":80,"values":[0.2018,0.9541,-0.2213,0,-0.9775,0.2104,0.0159,0,0.0617,0.2131,0.9751,0,0,2.5071,0,1]},
{"frame":82,"values":[0.2018,0.9541,-0.2213,0,-0.9775,0.2104,0.0158,0,0.0617,0.2131,0.9751,0,0,2.5071,0,1]},
