{"producer":{"name":"Blender","version":"2.76 (sub 0)","exporter_version":"5.0.3","file":"hand.babylon"},
"autoClear":true,"clearColor":[0.0509,0.0509,0.0509],"ambientColor":[0,0,0],"gravity":[0,-9.81,0],
"materials":[{"name":"hand.Material.001","id":"hand.Material.001","ambient":[0.8,0.8,0.8],"diffuse":[0.64,0.64,0.64],"specular":[0,0,0],"emissive":[0,0,0],"specularPower":48,"alpha":1,"backFaceCulling":true,"checkReadyOnlyOnce":false,"maxSimultaneousLights":4, 
"diffuseTexture":{"name":"Male16_dif5.png","level":1,"hasAlpha":1,"coordinatesMode":0,"uOffset":0,"vOffset":0,"uScale":1,"vScale":1,"uAng":0,"vAng":0,"wAng":0,"wrapU":1,"wrapV":1,"coordinatesIndex":0}}],
"multiMaterials":[],
"skeletons":[{"name":"Armature","id":0,"dimensionsAtRest":[0.3944,1.3821,1.5434],"bones":[
{"name":"c","index":0,"matrix":[-0.3174,0.6718,-0.6693,0,-0.2,0.6425,0.7397,0,-0.927,-0.3687,0.0696,0,-1.2001,-1.6849,0.7009,1],"rest":[-0.3174,0.6718,-0.6693,0,-0.2,0.6425,0.7397,0,-0.927,-0.3687,0.0696,0,-1.2001,-1.6849,0.7009,1],"parentBoneIndex":-1,"length":0.5603
,"animation":{"dataType":3,"framePerSecond":30,"keys":[
{"frame":0,"values":[-0.3174,0.6718,-0.6693,0,-0.2,0.6425,0.7397,0,-0.927,-0.3687,0.0696,0,-1.2001,-1.6849,0.7009,1]},
{"frame":30,"values":[-0.3174,0.6718,-0.6693,0,-0.2,0.6425,0.7397,0,-0.927,-0.3687,0.0696,0,-1.2001,-1.6849,0.7009,1]},
{"frame":40,"values":[-0.3174,0.6718,-0.6693,0,-0.2,0.6425,0.7397,0,-0.927,-0.3687,0.0696,0,-1.2001,-1.6849,0.7009,1]},
{"frame":70,"values":[-0.3174,0.6718,-0.6693,0,-0.2,0.6425,0.7397,0,-0.927,-0.3687,0.0696,0,-1.2001,-1.6849,0.7009,1]},
{"frame":80,"values":[-0.3174,0.6718,-0.6693,0,-0.2,0.6425,0.7397,0,-0.927,-0.3687,0.0696,0,-1.2001,-1.6849,0.7009,1]},
{"frame":110,"values":[-0.3174,0.6718,-0.6693,0,-0.2,0.6425,0.7397,0,-0.927,-0.3687,0.0696,0,-1.2001,-1.6849,0.7009,1]},
{"frame":120,"values":[-0.3174,0.6718,-0.6693,0,-0.2,0.6425,0.7397,0,-0.927,-0.3687,0.0696,0,-1.2001,-1.6849,0.7009,1]},
{"frame":150,"values":[-0.3174,0.6718,-0.6693,0,-0.2,0.6425,0.7397,0,-0.927,-0.3687,0.0696,0,-1.2001,-1.6849,0.7009,1]}],"loopBehavior":1,"name":"anim","property":"_matrix"}},
{"name":"b","index":1,"matrix":[0.9991,-0.0182,-0.0386,0,0.0069,0.9619,-0.2732,0,0.0421,0.2727,0.9612,0,0,0.5603,0,1],"rest":[0.9991,-0.0182,-0.0386,0,0.0069,0.9619,-0.2732,0,0.0421,0.2727,0.9612,0,0,0.5603,0,1],"parentBoneIndex":0,"length":0.9072
,"animation":{"dataType":3,"framePerSecond":30,"keys":[
{"frame":0,"values":[0.9991,-0.0182,-0.0386,0,0.0069,0.9619,-0.2732,0,0.0421,0.2727,0.9612,0,0,0.5603,0,1]},
{"frame":30,"values":[0.9991,-0.0182,-0.0386,0,0.0069,0.9619,-0.2732,0,0.0421,0.2727,0.9612,0,0,0.5603,0,1]},
{"frame":40,"values":[0.9991,-0.0182,-0.0386,0,0.0069,0.9619,-0.2732,0,0.0421,0.2727,0.9612,0,0,0.5603,0,1]},
{"frame":70,"values":[0.9991,-0.0182,-0.0386,0,0.0069,0.9619,-0.2732,0,0.0421,0.2727,0.9612,0,0,0.5603,0,1]},
{"frame":80,"values":[0.9991,-0.0182,-0.0386,0,0.0069,0.9619,-0.2732,0,0.0421,0.2727,0.9612,0,0,0.5603,0,1]},
{"frame":110,"values":[0.9991,-0.0182,-0.0386,0,0.0069,0.9619,-0.2732,0,0.0421,0.2727,0.9612,0,0,0.5603,0,1]},
{"frame":120,"values":[0.9991,-0.0182,-0.0386,0,0.0069,0.9619,-0.2732,0,0.0421,0.2727,0.9612,0,0,0.5603,0,1]},
{"frame":150,"values":[0.9991,-0.0182,-0.0386,0,0.0069,0.9619,-0.2732,0,0.0421,0.2727,0.9612,0,0,0.5603,0,1]}],"loopBehavior":1,"name":"anim","property":"_matrix"}},
{"name":"a","index":2,"matrix":[0.9963,0.0718,0.0465,0,-0.075,0.9947,0.0706,0,-0.0412,-0.0738,0.9964,0,0,0.9072,0,1],"rest":[0.9963,0.0718,0.0465,0,-0.075,0.9947,0.0706,0,-0.0412,-0.0738,0.9964,0,0,0.9072,0,1],"parentBoneIndex":1,"length":0.3064
,"animation":{"dataType":3,"framePerSecond":30,"keys":[
{"frame":0,"values":[0.9963,0.0718,0.0465,0,-0.075,0.9947,0.0706,0,-0.0412,-0.0738,0.9964,0,0,0.9072,0,1]},
{"frame":30,"values":[0.9963,0.0718,0.0465,0,-0.075,0.9947,0.0706,0,-0.0412,-0.0738,0.9964,0,0,0.9072,0,1]},
{"frame":40,"values":[0.9963,0.0718,0.0465,0,-0.075,0.9947,0.0706,0,-0.0412,-0.0738,0.9964,0,0,0.9072,0,1]},
{"frame":70,"values":[0.9963,0.0718,0.0465,0,-0.075,0.9947,0.0706,0,-0.0412,-0.0738,0.9964,0,0,0.9072,0,1]},
{"frame":80,"values":[0.9963,0.0718,0.0465,0,-0.075,0.9947,0.0706,0,-0.0412,-0.0738,0.9964,0,0,0.9072,0,1]},
{"frame":110,"values":[0.9963,0.0718,0.0465,0,-0.075,0.9947,0.0706,0,-0.0412,-0.0738,0.9964,0,0,0.9072,0,1]},
{"frame":120,"values":[0.9963,0.0718,0.0465,0,-0.075,0.9947,0.0706,0,-0.0412,-0.0738,0.9964,0,0,0.9072,0,1]},
{"frame":150,"values":[0.9963,0.0718,0.0465,0,-0.075,0.9947,0.0706,0,-0.0412,-0.0738,0.9964,0,0,0.9072,0,1]}],"loopBehavior":1,"name":"anim","property":"_matrix"}},
{"name":"f3p3","index":3,"matrix":[0.9702,0.2401,0.0338,0,-0.2424,0.9636,0.1125,0,-0.0056,-0.1174,0.9931,0,0,0.3064,0,1],"rest":[0.9702,0.2401,0.0338,0,-0.2424,0.9636,0.1125,0,-0.0056,-0.1174,0.9931,0,0,0.3064,0,1],"parentBoneIndex":2,"length":0.1421
,"animation":{"dataType":3,"framePerSecond":30,"keys":[
{"frame":0,"values":[0.9702,0.2401,0.0338,0,-0.2424,0.9636,0.1125,0,-0.0056,-0.1174,0.9931,0,0,0.3064,0,1]},
{"frame":30,"values":[0.9702,0.2401,0.0338,0,-0.2424,0.9636,0.1125,0,-0.0056,-0.1174,0.9931,0,0,0.3064,0,1]},
{"frame":40,"values":[0.9702,0.2401,0.0338,0,-0.2424,0.9636,0.1125,0,-0.0056,-0.1174,0.9931,0,0,0.3064,0,1]},
{"frame":70,"values":[0.9702,0.2401,0.0338,0,-0.2424,0.9636,0.1125,0,-0.0056,-0.1174,0.9931,0,0,0.3064,0,1]},
{"frame":80,"values":[0.9702,0.2401,0.0338,0,-0.2424,0.9636,0.1125,0,-0.0056,-0.1174,0.9931,0,0,0.3064,0,1]},
{"frame":110,"values":[0.9702,0.2401,0.0338,0,-0.2424,0.9636,0.1125,0,-0.0056,-0.1174,0.9931,0,0,0.3064,0,1]},
{"frame":120,"values":[0.9702,0.2401,0.0338,0,-0.2424,0.9636,0.1125,0,-0.0056,-0.1174,0.9931,0,0,0.3064,0,1]},
{"frame":150,"values":[0.9702,0.2401,0.0338,0,-0.2424,0.9636,0.1125,0,-0.0056,-0.1174,0.9931,0,0,0.3064,0,1]}],"loopBehavior":1,"name":"anim","property":"_matrix"}},
{"name":"f3p2","index":4,"matrix":[1,0.0005,-0.0032,0,-0.0006,0.9999,-0.0103,0,0.0032,0.0103,0.9999,0,0,0.1421,0,1],"rest":[1,0.0005,-0.0032,0,-0.0006,0.9999,-0.0103,0,0.0032,0.0103,0.9999,0,0,0.1421,0,1],"parentBoneIndex":3,"length":0.0895
,"animation":{"dataType":3,"framePerSecond":30,"keys":[
{"frame":0,"values":[1,0.0005,-0.0032,0,-0.0006,0.9999,-0.0103,0,0.0032,0.0103,0.9999,0,0,0.1421,0,1]},
{"frame":30,"values":[1,0.0005,-0.0032,0,-0.0006,0.9999,-0.0103,0,0.0032,0.0103,0.9999,0,0,0.1421,0,1]},
{"frame":40,"values":[1,0.0005,-0.0032,0,-0.0006,0.9999,-0.0103,0,0.0032,0.0103,0.9999,0,0,0.1421,0,1]},
{"frame":70,"values":[1,0.0005,-0.0032,0,-0.0006,0.9999,-0.0103,0,0.0032,0.0103,0.9999,0,0,0.1421,0,1]},
{"frame":80,"values":[1,0.0005,-0.0032,0,-0.0006,0.9999,-0.0103,0,0.0032,0.0103,0.9999,0,0,0.1421,0,1]},
{"frame":110,"values":[1,0.0005,-0.0032,0,-0.0006,0.9999,-0.0103,0,0.0032,0.0103,0.9999,0,0,0.1421,0,1]},
{"frame":120,"values":[1,0.0005,-0.0032,0,-0.0006,0.9999,-0.0103,0,0.0032,0.0103,0.9999,0,0,0.1421,0,1]},
{"frame":150,"values":[1,0.0005,-0.0032,0,-0.0006,0.9999,-0.0103,0,0.0032,0.0103,0.9999,0,0,0.1421,0,1]}],"loopBehavior":1,"name":"anim","property":"_matrix"}},
{"name":"f3p1","index":5,"matrix":[1,-0.0017,0.0085,0,0.0015,0.9996,0.0278,0,-0.0086,-0.0278,0.9996,0,0,0.0895,0,1],"rest":[1,-0.0017,0.0085,0,0.0015,0.9996,0.0278,0,-0.0086,-0.0278,0.9996,0,0,0.0895,0,1],"parentBoneIndex":4,"length":0.0729
,"animation":{"dataType":3,"framePerSecond":30,"keys":[
{"frame":0,"values":[1,-0.0017,0.0085,0,0.0015,0.9996,0.0278,0,-0.0086,-0.0278,0.9996,0,0,0.0895,0,1]},
{"frame":30,"values":[1,-0.0017,0.0085,0,0.0015,0.9996,0.0278,0,-0.0086,-0.0278,0.9996,0,0,0.0895,0,1]},
{"frame":40,"values":[1,-0.0017,0.0085,0,0.0015,0.9996,0.0278,0,-0.0086,-0.0278,0.9996,0,0,0.0895,0,1]},
{"frame":70,"values":[1,-0.0017,0.0085,0,0.0015,0.9996,0.0278,0,-0.0086,-0.0278,0.9996,0,0,0.0895,0,1]},
{"frame":80,"values":[1,-0.0017,0.0085,0,0.0015,0.9996,0.0278,0,-0.0086,-0.0278,0.9996,0,0,0.0895,0,1]},
{"frame":110,"values":[1,-0.0017,0.0085,0,0.0015,0.9996,0.0278,0,-0.0086,-0.0278,0.9996,0,0,0.0895,0,1]},
{"frame":120,"values":[1,-0.0017,0.0085,0,0.0015,0.9996,0.0278,0,-0.0086,-0.0278,0.9996,0,0,0.0895,0,1]},
{"frame":150,"values":[1,-0.0017,0.0085,0,0.0015,0.9996,0.0278,0,-0.0086,-0.0278,0.9996,0,0,0.0895,0,1]}],"loopBehavior":1,"name":"anim","property":"_matrix"}},
{"name":"f2p3","index":6,"matrix":[0.969,0.2461,-0.0234,0,-0.2472,0.9662,-0.073,0,0.0046,0.0765,0.9971,0,0.0208,0.2949,-0.0642,1],"rest":[0.969,0.2461,-0.0234,0,-0.2472,0.9662,-0.073,0,0.0046,0.0765,0.9971,0,0.0208,0.2949,-0.0642,1],"parentBoneIndex":2,"length":0.1421
,"animation":{"dataType":3,"framePerSecond":30,"keys":[
{"frame":0,"values":[0.969,0.2461,-0.0234,0,-0.2472,0.9662,-0.073,0,0.0046,0.0765,0.9971,0,0.0208,0.2949,-0.0642,1]},
{"frame":30,"values":[0.969,0.2461,-0.0234,0,-0.2472,0.9662,-0.073,0,0.0046,0.0765,0.9971,0,0.0208,0.2949,-0.0642,1]},
{"frame":40,"values":[0.969,0.2461,-0.0234,0,-0.2472,0.9662,-0.073,0,0.0046,0.0765,0.9971,0,0.0208,0.2949,-0.0642,1]},
{"frame":70,"values":[0.969,0.2461,-0.0234,0,-0.2472,0.9662,-0.073,0,0.0046,0.0765,0.9971,0,0.0208,0.2949,-0.0642,1]},
{"frame":80,"values":[0.969,0.2461,-0.0234,0,-0.2472,0.9662,-0.073,0,0.0046,0.0765,0.9971,0,0.0208,0.2949,-0.0642,1]},
{"frame":110,"values":[0.969,0.2461,-0.0234,0,-0.2472,0.9662,-0.073,0,0.0046,0.0765,0.9971,0,0.0208,0.2949,-0.0642,1]},
{"frame":120,"values":[0.969,0.2461,-0.0234,0,-0.2472,0.9662,-0.073,0,0.0046,0.0765,0.9971,0,0.0208,0.2949,-0.0642,1]},
{"frame":150,"values":[0.969,0.2461,-0.0234,0,-0.2472,0.9662,-0.073,0,0.0046,0.0765,0.9971,0,0.0208,0.2949,-0.0642,1]}],"loopBehavior":1,"name":"anim","property":"_matrix"}},
{"name":"f2p2","index":7,"matrix":[0.9996,-0.0022,0.0269,0,-0.0002,0.9962,0.0868,0,-0.027,-0.0867,0.9959,0,0,0.1421,0,1],"rest":[0.9996,-0.0022,0.0269,0,-0.0002,0.9962,0.0868,0,-0.027,-0.0867,0.9959,0,0,0.1421,0,1],"parentBoneIndex":6,"length":0.0885
,"animation":{"dataType":3,"framePerSecond":30,"keys":[
{"frame":0,"values":[0.9996,-0.0022,0.0269,0,-0.0002,0.9962,0.0868,0,-0.027,-0.0867,0.9959,0,0,0.1421,0,1]},
{"frame":30,"values":[0.9996,-0.0022,0.0269,0,-0.0002,0.9962,0.0868,0,-0.027,-0.0867,0.9959,0,0,0.1421,0,1]},
{"frame":40,"values":[0.9996,-0.0022,0.0269,0,-0.0002,0.9962,0.0868,0,-0.027,-0.0867,0.9959,0,0,0.1421,0,1]},
{"frame":70,"values":[0.9996,-0.0022,0.0269,0,-0.0002,0.9962,0.0868,0,-0.027,-0.0867,0.9959,0,0,0.1421,0,1]},
{"frame":80,"values":[0.9996,-0.0022,0.0269,0,-0.0002,0.9962,0.0868,0,-0.027,-0.0867,0.9959,0,0,0.1421,0,1]},
{"frame":110,"values":[0.9996,-0.0022,0.0269,0,-0.0002,0.9962,0.0868,0,-0.027,-0.0867,0.9959,0,0,0.1421,0,1]},
{"frame":120,"values":[0.9996,-0.0022,0.0269,0,-0.0002,0.9962,0.0868,0,-0.027,-0.0867,0.9959,0,0,0.1421,0,1]},
{"frame":150,"values":[0.9996,-0.0022,0.0269,0,-0.0002,0.9962,0.0868,0,-0.027,-0.0867,0.9959,0,0,0.1421,0,1]}],"loopBehavior":1,"name":"anim","property":"_matrix"}},
{"name":"f2p1","index":8,"matrix":[1,0.0004,-0.0081,0,-0.0007,0.9997,-0.026,0,0.0081,0.026,0.9996,0,0,0.0885,0,1],"rest":[1,0.0004,-0.0081,0,-0.0007,0.9997,-0.026,0,0.0081,0.026,0.9996,0,0,0.0885,0,1],"parentBoneIndex":7,"length":0.0724
,"animation":{"dataType":3,"framePerSecond":30,"keys":[
{"frame":0,"values":[1,0.0004,-0.0081,0,-0.0007,0.9997,-0.026,0,0.0081,0.026,0.9996,0,0,0.0885,0,1]},
{"frame":30,"values":[1,0.0004,-0.0081,0,-0.0007,0.9997,-0.026,0,0.0081,0.026,0.9996,0,0,0.0885,0,1]},
{"frame":40,"values":[1,0.0004,-0.0081,0,-0.0007,0.9997,-0.026,0,0.0081,0.026,0.9996,0,0,0.0885,0,1]},
{"frame":70,"values":[1,0.0004,-0.0081,0,-0.0007,0.9997,-0.026,0,0.0081,0.026,0.9996,0,0,0.0885,0,1]},
{"frame":80,"values":[1,0.0004,-0.0081,0,-0.0007,0.9997,-0.026,0,0.0081,0.026,0.9996,0,0,0.0885,0,1]},
{"frame":110,"values":[1,0.0004,-0.0081,0,-0.0007,0.9997,-0.026,0,0.0081,0.026,0.9996,0,0,0.0885,0,1]},
{"frame":120,"values":[1,0.0004,-0.0081,0,-0.0007,0.9997,-0.026,0,0.0081,0.026,0.9996,0,0,0.0885,0,1]},
{"frame":150,"values":[1,0.0004,-0.0081,0,-0.0007,0.9997,-0.026,0,0.0081,0.026,0.9996,0,0,0.0885,0,1]}],"loopBehavior":1,"name":"anim","property":"_matrix"}},
{"name":"f4p3","index":9,"matrix":[0.9702,0.2401,0.0338,0,-0.2424,0.9636,0.1125,0,-0.0056,-0.1174,0.9931,0,-0.0171,0.2936,0.0711,1],"rest":[0.9702,0.2401,0.0338,0,-0.2424,0.9636,0.1125,0,-0.0056,-0.1174,0.9931,0,-0.0171,0.2936,0.0711,1],"parentBoneIndex":2,"length":0.1244
,"animation":{"dataType":3,"framePerSecond":30,"keys":[
{"frame":0,"values":[0.9702,0.2401,0.0338,0,-0.2424,0.9636,0.1125,0,-0.0056,-0.1174,0.9931,0,-0.0171,0.2936,0.0711,1]},
{"frame":30,"values":[0.9702,0.2401,0.0338,0,-0.2424,0.9636,0.1125,0,-0.0056,-0.1174,0.9931,0,-0.0171,0.2936,0.0711,1]},
{"frame":40,"values":[0.9702,0.2401,0.0338,0,-0.2424,0.9636,0.1125,0,-0.0056,-0.1174,0.9931,0,-0.0171,0.2936,0.0711,1]},
{"frame":70,"values":[0.9702,0.2401,0.0338,0,-0.2424,0.9636,0.1125,0,-0.0056,-0.1174,0.9931,0,-0.0171,0.2936,0.0711,1]},
{"frame":80,"values":[0.9702,0.2401,0.0338,0,-0.2424,0.9636,0.1125,0,-0.0056,-0.1174,0.9931,0,-0.0171,0.2936,0.0711,1]},
{"frame":110,"values":[0.9702,0.2401,0.0338,0,-0.2424,0.9636,0.1125,0,-0.0056,-0.1174,0.9931,0,-0.0171,0.2936,0.0711,1]},
{"frame":120,"values":[0.9702,0.2401,0.0338,0,-0.2424,0.9636,0.1125,0,-0.0056,-0.1174,0.9931,0,-0.0171,0.2936,0.0711,1]},
{"frame":150,"values":[0.9702,0.2401,0.0338,0,-0.2424,0.9636,0.1125,0,-0.0056,-0.1174,0.9931,0,-0.0171,0.2936,0.0711,1]}],"loopBehavior":1,"name":"anim","property":"_matrix"}},
{"name":"f4p2","index":10,"matrix":[1,-0.0019,0.0091,0,0.0017,0.9996,0.0297,0,-0.0091,-0.0297,0.9995,0,0,0.1244,0,1],"rest":[1,-0.0019,0.0091,0,0.0017,0.9996,0.0297,0,-0.0091,-0.0297,0.9995,0,0,0.1244,0,1],"parentBoneIndex":9,"length":0.0764
,"animation":{"dataType":3,"framePerSecond":30,"keys":[
{"frame":0,"values":[1,-0.0019,0.0091,0,0.0017,0.9996,0.0297,0,-0.0091,-0.0297,0.9995,0,0,0.1244,0,1]},
{"frame":30,"values":[1,-0.0019,0.0091,0,0.0017,0.9996,0.0297,0,-0.0091,-0.0297,0.9995,0,0,0.1244,0,1]},
{"frame":40,"values":[1,-0.0019,0.0091,0,0.0017,0.9996,0.0297,0,-0.0091,-0.0297,0.9995,0,0,0.1244,0,1]},
{"frame":70,"values":[1,-0.0019,0.0091,0,0.0017,0.9996,0.0297,0,-0.0091,-0.0297,0.9995,0,0,0.1244,0,1]},
{"frame":80,"values":[1,-0.0019,0.0091,0,0.0017,0.9996,0.0297,0,-0.0091,-0.0297,0.9995,0,0,0.1244,0,1]},
{"frame":110,"values":[1,-0.0019,0.0091,0,0.0017,0.9996,0.0297,0,-0.0091,-0.0297,0.9995,0,0,0.1244,0,1]},
{"frame":120,"values":[1,-0.0019,0.0091,0,0.0017,0.9996,0.0297,0,-0.0091,-0.0297,0.9995,0,0,0.1244,0,1]},
{"frame":150,"values":[1,-0.0019,0.0091,0,0.0017,0.9996,0.0297,0,-0.0091,-0.0297,0.9995,0,0,0.1244,0,1]}],"loopBehavior":1,"name":"anim","property":"_matrix"}},
{"name":"f4p1","index":11,"matrix":[0.9999,-0.0044,0.0162,0,0.0035,0.9986,0.0536,0,-0.0164,-0.0536,0.9984,0,0,0.0764,0,1],"rest":[0.9999,-0.0044,0.0162,0,0.0035,0.9986,0.0536,0,-0.0164,-0.0536,0.9984,0,0,0.0764,0,1],"parentBoneIndex":10,"length":0.0732
,"animation":{"dataType":3,"framePerSecond":30,"keys":[
{"frame":0,"values":[0.9999,-0.0044,0.0162,0,0.0035,0.9986,0.0536,0,-0.0164,-0.0536,0.9984,0,0,0.0764,0,1]},
{"frame":30,"values":[0.9999,-0.0044,0.0162,0,0.0035,0.9986,0.0536,0,-0.0164,-0.0536,0.9984,0,0,0.0764,0,1]},
{"frame":40,"values":[0.9999,-0.0044,0.0162,0,0.0035,0.9986,0.0536,0,-0.0164,-0.0536,0.9984,0,0,0.0764,0,1]},
{"frame":70,"values":[0.9999,-0.0044,0.0162,0,0.0035,0.9986,0.0536,0,-0.0164,-0.0536,0.9984,0,0,0.0764,0,1]},
{"frame":80,"values":[0.9999,-0.0044,0.0162,0,0.0035,0.9986,0.0536,0,-0.0164,-0.0536,0.9984,0,0,0.0764,0,1]},
{"frame":110,"values":[0.9999,-0.0044,0.0162,0,0.0035,0.9986,0.0536,0,-0.0164,-0.0536,0.9984,0,0,0.0764,0,1]},
{"frame":120,"values":[0.9999,-0.0044,0.0162,0,0.0035,0.9986,0.0536,0,-0.0164,-0.0536,0.9984,0,0,0.0764,0,1]},
{"frame":150,"values":[0.9999,-0.0044,0.0162,0,0.0035,0.9986,0.0536,0,-0.0164,-0.0536,0.9984,0,0,0.0764,0,1]}],"loopBehavior":1,"name":"anim","property":"_matrix"}},
{"name":"f5p3","index":12,"matrix":[0.9585,0.2707,0.0898,0,-0.2848,0.9257,0.2491,0,-0.0157,-0.2643,0.9643,0,-0.0363,0.2728,0.1252,1],"rest":[0.9585,0.2707,0.0898,0,-0.2848,0.9257,0.2491,0,-0.0157,-0.2643,0.9643,0,-0.0363,0.2728,0.1252,1],"parentBoneIndex":2,"length":0.0802
,"animation":{"dataType":3,"framePerSecond":30,"keys":[
{"frame":0,"values":[0.9585,0.2707,0.0898,0,-0.2848,0.9257,0.2491,0,-0.0157,-0.2643,0.9643,0,-0.0363,0.2728,0.1252,1]},
{"frame":30,"values":[0.9585,0.2707,0.0898,0,-0.2848,0.9257,0.2491,0,-0.0157,-0.2643,0.9643,0,-0.0363,0.2728,0.1252,1]},
{"frame":40,"values":[0.9585,0.2707,0.0898,0,-0.2848,0.9257,0.2491,0,-0.0157,-0.2643,0.9643,0,-0.0363,0.2728,0.1252,1]},
{"frame":70,"values":[0.9585,0.2707,0.0898,0,-0.2848,0.9257,0.2491,0,-0.0157,-0.2643,0.9643,0,-0.0363,0.2728,0.1252,1]},
{"frame":80,"values":[0.9585,0.2707,0.0898,0,-0.2848,0.9257,0.2491,0,-0.0157,-0.2643,0.9643,0,-0.0363,0.2728,0.1252,1]},
{"frame":110,"values":[0.9585,0.2707,0.0898,0,-0.2848,0.9257,0.2491,0,-0.0157,-0.2643,0.9643,0,-0.0363,0.2728,0.1252,1]},
{"frame":120,"values":[0.9585,0.2707,0.0898,0,-0.2848,0.9257,0.2491,0,-0.0157,-0.2643,0.9643,0,-0.0363,0.2728,0.1252,1]},
{"frame":150,"values":[0.9585,0.2707,0.0898,0,-0.2848,0.9257,0.2491,0,-0.0157,-0.2643,0.9643,0,-0.0363,0.2728,0.1252,1]}],"loopBehavior":1,"name":"anim","property":"_matrix"}},
{"name":"f5p2","index":13,"matrix":[0.9974,-0.0677,-0.0255,0,0.0656,0.9951,-0.0744,0,0.0304,0.0725,0.9969,0,0,0.0802,0,1],"rest":[0.9974,-0.0677,-0.0255,0,0.0656,0.9951,-0.0744,0,0.0304,0.0725,0.9969,0,0,0.0802,0,1],"parentBoneIndex":12,"length":0.0577
,"animation":{"dataType":3,"framePerSecond":30,"keys":[
{"frame":0,"values":[0.9974,-0.0677,-0.0255,0,0.0656,0.9951,-0.0744,0,0.0304,0.0725,0.9969,0,0,0.0802,0,1]},
{"frame":30,"values":[0.9974,-0.0677,-0.0255,0,0.0656,0.9951,-0.0744,0,0.0304,0.0725,0.9969,0,0,0.0802,0,1]},
{"frame":40,"values":[0.9974,-0.0677,-0.0255,0,0.0656,0.9951,-0.0744,0,0.0304,0.0725,0.9969,0,0,0.0802,0,1]},
{"frame":70,"values":[0.9974,-0.0677,-0.0255,0,0.0656,0.9951,-0.0744,0,0.0304,0.0725,0.9969,0,0,0.0802,0,1]},
{"frame":80,"values":[0.9974,-0.0677,-0.0255,0,0.0656,0.9951,-0.0744,0,0.0304,0.0725,0.9969,0,0,0.0802,0,1]},
{"frame":110,"values":[0.9974,-0.0677,-0.0255,0,0.0656,0.9951,-0.0744,0,0.0304,0.0725,0.9969,0,0,0.0802,0,1]},
{"frame":120,"values":[0.9974,-0.0677,-0.0255,0,0.0656,0.9951,-0.0744,0,0.0304,0.0725,0.9969,0,0,0.0802,0,1]},
{"frame":150,"values":[0.9974,-0.0677,-0.0255,0,0.0656,0.9951,-0.0744,0,0.0304,0.0725,0.9969,0,0,0.0802,0,1]}],"loopBehavior":1,"name":"anim","property":"_matrix"}},
{"name":"f5p1","index":14,"matrix":[0.9994,-0.0355,-0.0016,0,0.0355,0.9992,-0.0182,0,0.0022,0.0181,0.9998,0,0,0.0577,0,1],"rest":[0.9994,-0.0355,-0.0016,0,0.0355,0.9992,-0.0182,0,0.0022,0.0181,0.9998,0,0,0.0577,0,1],"parentBoneIndex":13,"length":0.0558
,"animation":{"dataType":3,"framePerSecond":30,"keys":[
{"frame":0,"values":[0.9994,-0.0355,-0.0016,0,0.0355,0.9992,-0.0182,0,0.0022,0.0181,0.9998,0,0,0.0577,0,1]},
{"frame":30,"values":[0.9994,-0.0355,-0.0016,0,0.0355,0.9992,-0.0182,0,0.0022,0.0181,0.9998,0,0,0.0577,0,1]},
{"frame":40,"values":[0.9994,-0.0355,-0.0016,0,0.0355,0.9992,-0.0182,0,0.0022,0.0181,0.9998,0,0,0.0577,0,1]},
{"frame":70,"values":[0.9994,-0.0355,-0.0016,0,0.0355,0.9992,-0.0182,0,0.0022,0.0181,0.9998,0,0,0.0577,0,1]},
{"frame":80,"values":[0.9994,-0.0355,-0.0016,0,0.0355,0.9992,-0.0182,0,0.0022,0.0181,0.9998,0,0,0.0577,0,1]},
{"frame":110,"values":[0.9994,-0.0355,-0.0016,0,0.0355,0.9992,-0.0182,0,0.0022,0.0181,0.9998,0,0,0.0577,0,1]},
{"frame":120,"values":[0.9994,-0.0355,-0.0016,0,0.0355,0.9992,-0.0182,0,0.0022,0.0181,0.9998,0,0,0.0577,0,1]},
{"frame":150,"values":[0.9994,-0.0355,-0.0016,0,0.0355,0.9992,-0.0182,0,0.0022,0.0181,0.9998,0,0,0.0577,0,1]}],"loopBehavior":1,"name":"anim","property":"_matrix"}},
{"name":"f1p3","index":15,"matrix":[0.9991,-0.0133,-0.0401,0,-0.0141,0.7888,-0.6145,0,0.0398,0.6145,0.7879,0,0.0028,0.0594,-0.0867,1],"rest":[0.9991,-0.0133,-0.0401,0,-0.0141,0.7888,-0.6145,0,0.0398,0.6145,0.7879,0,0.0028,0.0594,-0.0867,1],"parentBoneIndex":2,"length":0.1424
,"animation":{"dataType":3,"framePerSecond":30,"keys":[
{"frame":0,"values":[0.9991,-0.0133,-0.0401,0,-0.0141,0.7888,-0.6145,0,0.0398,0.6145,0.7879,0,0.0028,0.0594,-0.0867,1]},
{"frame":30,"values":[0.9991,-0.0133,-0.0401,0,-0.0141,0.7888,-0.6145,0,0.0398,0.6145,0.7879,0,0.0028,0.0594,-0.0867,1]},
{"frame":40,"values":[0.9991,-0.0133,-0.0401,0,-0.0141,0.7888,-0.6145,0,0.0398,0.6145,0.7879,0,0.0028,0.0594,-0.0867,1]},
{"frame":70,"values":[0.9991,-0.0133,-0.0401,0,-0.0141,0.7888,-0.6145,0,0.0398,0.6145,0.7879,0,0.0028,0.0594,-0.0867,1]},
{"frame":80,"values":[0.9991,-0.0133,-0.0401,0,-0.0141,0.7888,-0.6145,0,0.0398,0.6145,0.7879,0,0.0028,0.0594,-0.0867,1]},
{"frame":110,"values":[0.9991,-0.0133,-0.0401,0,-0.0141,0.7888,-0.6145,0,0.0398,0.6145,0.7879,0,0.0028,0.0594,-0.0867,1]},
{"frame":120,"values":[0.9991,-0.0133,-0.0401,0,-0.0141,0.7888,-0.6145,0,0.0398,0.6145,0.7879,0,0.0028,0.0594,-0.0867,1]},
{"frame":150,"values":[0.9991,-0.0133,-0.0401,0,-0.0141,0.7888,-0.6145,0,0.0398,0.6145,0.7879,0,0.0028,0.0594,-0.0867,1]}],"loopBehavior":1,"name":"anim","property":"_matrix"}},
{"name":"f1p2","index":16,"matrix":[0.9997,0.022,0.0146,0,-0.0241,0.9862,0.164,0,-0.0108,-0.1643,0.9864,0,0,0.1424,0,1],"rest":[0.9997,0.022,0.0146,0,-0.0241,0.9862,0.164,0,-0.0108,-0.1643,0.9864,0,0,0.1424,0,1],"parentBoneIndex":15,"length":0.1154
,"animation":{"dataType":3,"framePerSecond":30,"keys":[
{"frame":0,"values":[0.9997,0.022,0.0146,0,-0.0241,0.9862,0.164,0,-0.0108,-0.1643,0.9864,0,0,0.1424,0,1]},
{"frame":30,"values":[0.9997,0.022,0.0146,0,-0.0241,0.9862,0.164,0,-0.0108,-0.1643,0.9864,0,0,0.1424,0,1]},
{"frame":40,"values":[0.9997,0.022,0.0146,0,-0.0241,0.9862,0.164,0,-0.0108,-0.1643,0.9864,0,0,0.1424,0,1]},
{"frame":70,"values":[0.9997,0.022,0.0146,0,-0.0241,0.9862,0.164,0,-0.0108,-0.1643,0.9864,0,0,0.1424,0,1]},
{"frame":80,"values":[0.9997,0.022,0.0146,0,-0.0241,0.9862,0.164,0,-0.0108,-0.1643,0.9864,0,0,0.1424,0,1]},
{"frame":110,"values":[0.9997,0.022,0.0146,0,-0.0241,0.9862,0.164,0,-0.0108,-0.1643,0.9864,0,0,0.1424,0,1]},
{"frame":120,"values":[0.9997,0.022,0.0146,0,-0.0241,0.9862,0.164,0,-0.0108,-0.1643,0.9864,0,0,0.1424,0,1]},
{"frame":150,"values":[0.9997,0.022,0.0146,0,-0.0241,0.9862,0.164,0,-0.0108,-0.1643,0.9864,0,0,0.1424,0,1]}],"loopBehavior":1,"name":"anim","property":"_matrix"}},
{"name":"f1p1","index":17,"matrix":[0.9961,-0.0888,0,0,0.0884,0.9923,-0.087,0,0.0077,0.0867,0.9962,0,0,0.1154,0,1],"rest":[0.9961,-0.0888,0,0,0.0884,0.9923,-0.087,0,0.0077,0.0867,0.9962,0,0,0.1154,0,1],"parentBoneIndex":16,"length":0.0928
,"animation":{"dataType":3,"framePerSecond":30,"keys":[
{"frame":0,"values":[0.9961,-0.0888,0,0,0.0884,0.9923,-0.087,0,0.0077,0.0867,0.9962,0,0,0.1154,0,1]},
{"frame":30,"values":[0.9961,-0.0888,0,0,0.0884,0.9923,-0.087,0,0.0077,0.0867,0.9962,0,0,0.1154,0,1]},
{"frame":40,"values":[0.9961,-0.0888,0,0,0.0884,0.9923,-0.087,0,0.0077,0.0867,0.9962,0,0,0.1154,0,1]},
{"frame":70,"values":[0.9961,-0.0888,0,0,0.0884,0.9923,-0.087,0,0.0077,0.0867,0.9962,0,0,0.1154,0,1]},
{"frame":80,"values":[0.9961,-0.0888,0,0,0.0884,0.9923,-0.087,0,0.0077,0.0867,0.9962,0,0,0.1154,0,1]},
{"frame":110,"values":[0.9961,-0.0888,0,0,0.0884,0.9923,-0.087,0,0.0077,0.0867,0.9962,0,0,0.1154,0,1]},
{"frame":120,"values":[0.9961,-0.0888,0,0,0.0884,0.9923,-0.087,0,0.0077,0.0867,0.9962,0,0,0.1154,0,1]},
{"frame":150,"values":[0.9961,-0.0888,0,0,0.0884,0.9923,-0.087,0,0.0077,0.0867,0.9962,0,0,0.1154,0,1]}],"loopBehavior":1,"name":"anim","property":"_matrix"}}]
,"ranges":[{"name":"Flint","from":0,"to":30},{"name":"FlintMine","from":40,"to":70},{"name":"Mine","from":80,"to":110},{"name":"Sword","from":120,"to":150}]}],
"meshes":[{"name":"male","id":"male","materialId":"hand.Material.001","billboardMode":0,"position":[0,0,0],"rotation":[0,0,0],"scaling":[1,1,1],"isVisible":true,"freezeWorldMatrix":false,"isEnabled":true,"checkCollisions":false,"receiveShadows":false,"skeletonId":0,"numBoneInfluencers":5
,"positions":[-1.3924,-0.5394,1.9456,-1.3866,-0.5276,1.9556,-1.3988,-0.5531,1.9658,-1.399,-0.5543,1.9534,-1.3973,-0.5621,1.947,-1.3953,-0.558,1.9368,-1.3909,-0.5692,1.9188,-1.3843,-0.5373,1.9341,-1.3669,-0.4927,1.9559,-1.2058,-0.3977,1.9113,-1.1858,-0.399,1.9188,-1.1854,-0.3954,1.9288,-1.2196,-0.4003,1.915,-1.2556,-0.411,1.9217,-1.2219,-0.4122,1.901,-1.1946,-0.4168,1.8886,-1.1894,-0.4058,1.9074
,-1.1819,-0.4095,1.9131,-1.199,-0.4425,1.8503,-1.1974,-0.4629,1.827,-1.1623,-0.4431,1.8409,-1.1761,-0.4327,1.8651,-1.2165,-0.4441,1.8603,-1.2356,-0.4832,1.8276,-1.2306,-0.4362,1.8781,-1.2481,-0.4534,1.8688,-1.279,-0.4627,1.8747,-1.2655,-0.4727,1.8554,-1.2988,-0.5105,1.8323,-1.2682,-0.5039,1.8203,-1.3122,-0.4782,1.8838,-1.3273,-0.4369,1.9449,-1.3389,-0.5063,1.8904,-1.3268,-0.5091,1.8685
,-1.354,-0.5648,1.8435,-1.3276,-0.5445,1.8282,-1.3601,-0.5331,1.8949,-1.3805,-0.5551,1.8934,-1.3735,-0.5607,1.876,-1.392,-0.609,1.8434,-1.3777,-0.5931,1.8351,-1.3854,-0.5554,1.9065,-1.3923,-0.5904,1.8856,-1.349,-0.5022,1.9122,-1.3471,-0.4648,1.9504,-1.2944,-0.4537,1.8971,-1.2914,-0.4239,1.9333,-1.3352,-0.7068,1.7855,-1.3108,-0.7026,1.7912,-1.3162,-0.7179,1.7799,-1.337,-0.7149,1.7727
,-1.315,-0.755,1.7554,-1.3331,-0.7469,1.7441,-1.3449,-0.7296,1.7291,-1.3509,-0.7041,1.7617,-1.3538,-0.7024,1.7766,-1.37,-0.683,1.7646,-1.3642,-0.6848,1.7466,-1.3574,-0.7094,1.7099,-1.3584,-0.6772,1.6985,-1.3727,-0.6645,1.735,-1.3785,-0.659,1.755,-1.3719,-0.6507,1.7345,-1.3739,-0.641,1.7531,-1.3566,-0.6399,1.7286,-1.357,-0.6252,1.7507,-1.2775,-0.696,1.7935,-1.2395,-0.686,1.7972
,-1.2436,-0.7048,1.7848,-1.2823,-0.7138,1.7831,-1.2483,-0.7319,1.7679,-1.2835,-0.7472,1.7636,-1.1979,-0.6708,1.8065,-1.1486,-0.6478,1.8153,-1.1743,-0.6759,1.7815,-1.2062,-0.6927,1.7868,-1.1938,-0.6998,1.7588,-1.2184,-0.7175,1.7672,-1.1258,-0.6285,1.7859,-1.117,-0.6081,1.7622,-1.1405,-0.6303,1.7412,-1.1527,-0.653,1.7614,-1.1626,-0.6377,1.7215,-1.1745,-0.6748,1.7398,-1.1368,-0.6141,1.7354
,-1.1368,-0.6141,1.7354,-1.1211,-0.5927,1.7492,-1.1395,-0.5804,1.742,-1.1516,-0.6101,1.7255,-1.1626,-0.6377,1.7215,-1.1405,-0.6303,1.7412,-1.168,-0.5616,1.7417,-1.2105,-0.5436,1.7507,-1.2002,-0.5752,1.711,-1.172,-0.5912,1.717,-1.1936,-0.5989,1.6789,-1.1737,-0.6165,1.6934,-1.1626,-0.6377,1.7215,-1.2571,-0.563,1.7424,-1.2964,-0.5841,1.7396,-1.2815,-0.5968,1.7108,-1.2386,-0.5796,1.7086
,-1.2706,-0.619,1.6765,-1.2274,-0.6011,1.6743,-1.33,-0.6054,1.7441,-1.3184,-0.6484,1.6822,-1.323,-0.6193,1.7189,-1.1477,-1.4342,0.6268,-1.19,-1.3643,0.7659,-1.245,-1.3651,0.7391,-1.2165,-1.4429,0.603,-1.3029,-1.3935,0.7309,-1.1839,-1.5771,0.8924,-1.1846,-1.5424,0.9461,-1.1454,-1.5078,0.9055,-1.1337,-1.5466,0.8255,-1.1215,-1.4616,0.8567,-1.2129,-1.5969,0.9273,-1.2363,-1.6209,0.9314
,-1.2357,-1.5821,0.9838,-1.2095,-1.5639,0.971,-1.1846,-1.5424,0.9461,-1.2696,-1.6644,0.9058,-1.3159,-1.702,0.8602,-1.3346,-1.625,0.9748,-1.2787,-1.6068,0.9885,-1.3781,-1.7085,0.8044,-1.4222,-1.6794,0.7496,-1.4448,-1.5995,0.8772,-1.3996,-1.6237,0.9327,-1.414,-1.61,0.7072,-1.378,-1.5366,0.6702,-1.4071,-1.4887,0.7774,-1.4415,-1.5489,0.8234,-1.3387,-1.4954,0.6319,-1.2877,-1.4698,0.6052
,-1.3589,-1.4358,0.7451,-1.0959,-1.5078,0.7473,-1.1426,-1.4051,0.8077,-1.104,-1.4631,0.6779,-1.2038,-1.284,1.058,-1.2399,-1.2544,1.0406,-1.2293,-1.2728,1.0109,-1.1972,-1.3181,1.0166,-1.1849,-1.3841,1.0259,-1.1867,-1.3361,1.0807,-1.1711,-1.278,1.1336,-1.1946,-1.2409,1.0892,-1.2381,-1.2251,1.0526,-1.3984,-1.328,1.0203,-1.441,-1.3523,1.059,-1.4272,-1.371,1.012,-1.3859,-1.3501,0.9708
,-1.3348,-1.3271,0.953,-1.3403,-1.3006,1.0006,-1.3384,-1.2566,1.0333,-1.407,-1.2929,1.0538,-1.4553,-1.3278,1.089,-1.4485,-1.3752,1.1024,-1.4342,-1.3983,1.1504,-1.4562,-1.4368,1.1057,-1.4537,-1.4033,1.0572,-1.4489,-1.3475,1.1329,-1.4199,-1.3641,1.1831,-1.4117,-1.423,1.2029,-1.3778,-1.4421,1.2334,-1.3762,-1.4771,1.1882,-1.4254,-1.4615,1.1566,-1.4002,-1.3895,1.2371,-1.3743,-1.41,1.2681
,-1.2814,-1.448,1.1837,-1.2757,-1.4825,1.1534,-1.3232,-1.4834,1.1784,-1.3296,-1.4485,1.2153,-1.3266,-1.4118,1.2493,-1.2764,-1.4058,1.218,-1.2218,-1.4315,1.1612,-1.2178,-1.4602,1.1173,-1.2426,-1.4761,1.1391,-1.2477,-1.4466,1.1736,-1.2428,-1.403,1.2115,-1.2157,-1.3854,1.2055,-1.1952,-1.4305,1.0695,-1.1971,-1.39,1.1226,-1.2178,-1.4602,1.1173,-1.2218,-1.4315,1.1612,-1.2157,-1.3854,1.2055
,-1.1849,-1.3349,1.176,-1.2789,-1.2885,0.978,-1.2864,-1.268,1.0144,-1.2841,-1.2321,1.0334,-1.3306,-1.1791,1.0866,-1.2678,-1.1577,1.0843,-1.2151,-1.1552,1.104,-1.194,-1.0469,1.2027,-1.2501,-1.0477,1.1815,-1.3179,-1.0685,1.1819,-1.1662,-1.2521,1.2541,-1.1467,-1.2083,1.2037,-1.2157,-1.3854,1.2055,-1.2025,-1.2927,1.2908,-1.1937,-1.1598,1.4053,-1.1563,-1.1343,1.3595,-1.134,-1.1071,1.3025
,-1.2306,-1.3174,1.3042,-1.2025,-1.2927,1.2908,-1.2651,-1.3336,1.311,-1.2561,-1.2177,1.4354,-1.2218,-1.1892,1.4278,-1.1937,-1.1598,1.4053,-1.2025,-1.2927,1.2908,-1.3202,-1.3486,1.3277,-1.3764,-1.3515,1.3313,-1.3729,-1.2477,1.4245,-1.3121,-1.2406,1.4365,-1.4139,-1.3312,1.2991,-1.4412,-1.3029,1.2477,-1.4555,-1.1989,1.3468,-1.4216,-1.2291,1.3927,-1.4667,-1.2815,1.194,-1.4642,-1.2564,1.1451
,-1.4569,-1.1408,1.241,-1.472,-1.1711,1.2926,-1.4075,-1.2172,1.1081,-1.3962,-1.1031,1.2029,-1.1689,-1.174,1.1487,-1.1509,-1.0723,1.2467,-1.1978,-0.9027,1.3567,-1.1652,-0.9248,1.3934,-1.1536,-0.9545,1.4419,-1.1774,-0.803,1.5771,-1.1844,-0.7781,1.5392,-1.2061,-0.7614,1.5117,-1.4225,-0.9837,1.3905,-1.3693,-0.9532,1.3583,-1.301,-0.9251,1.3408,-1.2844,-0.7844,1.5037,-1.3406,-0.8079,1.5166
,-1.3833,-0.8328,1.5402,-1.4347,-1.0107,1.4358,-1.4199,-1.0366,1.4833,-1.388,-0.8548,1.575,-1.3723,-0.8764,1.6122,-1.3919,-1.0642,1.522,-1.3525,-1.0795,1.5491,-1.354,-0.8999,1.6427,-1.3298,-0.9122,1.6635,-1.3039,-1.0691,1.5619,-1.2579,-1.0445,1.5638,-1.296,-0.9003,1.6716,-1.261,-0.8778,1.6717,-1.2267,-1.0177,1.5581,-1.2008,-0.9929,1.5375,-1.1937,-1.1598,1.4053,-1.233,-0.8582,1.6684
,-1.2096,-0.8403,1.6536,-1.171,-0.9746,1.4944,-1.2008,-0.9929,1.5375,-1.2096,-0.8403,1.6536,-1.1885,-0.8228,1.6192,-1.2435,-0.9055,1.3397,-1.2395,-0.7662,1.501,-1.2722,-0.6819,1.6114,-1.2299,-0.6647,1.6077,-1.1988,-0.6619,1.6138,-1.1936,-0.5989,1.6789,-1.2274,-0.6011,1.6743,-1.2274,-0.6011,1.6743,-1.2706,-0.619,1.6765,-1.1775,-0.7049,1.6631,-1.1872,-0.729,1.6944,-1.2096,-0.8403,1.6536
,-1.2057,-0.7498,1.7202,-1.1938,-0.6998,1.7588,-1.1745,-0.6748,1.7398,-1.1626,-0.6377,1.7215,-1.2284,-0.7661,1.7321,-1.2057,-0.7498,1.7202,-1.2559,-0.7816,1.735,-1.2483,-0.7319,1.7679,-1.2184,-0.7175,1.7672,-1.1938,-0.6998,1.7588,-1.2057,-0.7498,1.7202,-1.289,-0.8005,1.7335,-1.3191,-0.8106,1.726,-1.315,-0.755,1.7554,-1.2835,-0.7472,1.7636,-1.2483,-0.7319,1.7679,-1.3374,-0.7998,1.7106
,-1.3504,-0.7788,1.6888,-1.3449,-0.7296,1.7291,-1.3331,-0.7469,1.7441,-1.3331,-0.7469,1.7441,-1.315,-0.755,1.7554,-1.3647,-0.7584,1.6618,-1.3619,-0.7358,1.6368,-1.3584,-0.6772,1.6985,-1.3574,-0.7094,1.7099,-1.3574,-0.7094,1.7099,-1.3449,-0.7296,1.7291,-1.3237,-0.7079,1.6205,-1.2706,-0.619,1.6765,-1.3184,-0.6484,1.6822,-1.3184,-0.6484,1.6822,-1.3584,-0.6772,1.6985,-1.1814,-0.6789,1.6342
,-1.1626,-0.6377,1.7215,-1.1737,-0.6165,1.6934,-1.1737,-0.6165,1.6934,-1.1936,-0.5989,1.6789,-1.1752,-1.3576,0.9269,-1.1572,-1.4231,0.9504,-1.215,-1.31,0.9067,-1.3205,-1.352,0.855,-1.3737,-1.3867,0.8686,-1.4197,-1.425,0.9047,-1.4531,-1.4706,0.9522,-1.458,-1.5112,1.0053,-1.4184,-1.5348,1.0583,-1.3582,-1.544,1.093,-1.3014,-1.5413,1.0911,-1.2547,-1.5315,1.0723,-1.2247,-1.5194,1.0566
,-1.2007,-1.5002,1.0334,-1.1846,-1.5424,0.9461,-1.1719,-1.4694,0.992,-1.2007,-1.5002,1.0334,-1.2178,-1.4602,1.1173,-1.2655,-1.3173,0.8752,-1.3554,-0.555,2.0383,-1.3423,-0.5352,2.0374,-1.3404,-0.5376,2.0332,-1.3542,-0.5574,2.0346,-1.3761,-0.5668,2.0255,-1.3768,-0.5636,2.0304,-1.3777,-0.5601,2.0371,-1.3569,-0.5518,2.0438,-1.3442,-0.5324,2.0423,-1.3935,-0.5527,2.0191,-1.3929,-0.5568,2.0123
,-1.3992,-0.5346,2.0024,-1.3998,-0.5303,2.0107,-1.4004,-0.5271,2.0174,-1.3943,-0.5491,2.0261,-1.3454,-0.5125,2.0131,-1.3363,-0.5406,2.0252,-1.3454,-0.5125,2.0131,-1.3503,-0.5087,2.0261,-1.3702,-0.4943,2.0121,-1.367,-0.498,1.9913,-1.3427,-0.5186,1.9962,-1.3427,-0.5186,1.9962,-1.322,-0.5428,2.0245,-1.3894,-0.5081,2.003,-1.3899,-0.505,2.0119,-1.3708,-0.4927,2.0201,-1.3714,-0.492,2.0243
,-1.3904,-0.5031,2.0174,-1.2914,-0.5172,2.0644,-1.2777,-0.4926,2.0572,-1.277,-0.4978,2.0478,-1.2907,-0.5208,2.0568,-1.3185,-0.5273,2.0485,-1.3183,-0.5222,2.0591,-1.3195,-0.5152,2.0707,-1.2936,-0.5104,2.0745,-1.2793,-0.4851,2.0682,-1.3473,-0.5021,2.0455,-1.3473,-0.5021,2.0455,-1.3465,-0.5068,2.0353,-1.3553,-0.473,2.0211,-1.3554,-0.4653,2.033,-1.3561,-0.4598,2.0437,-1.3467,-0.4945,2.0571
,-1.3467,-0.4945,2.0571,-1.2771,-0.5012,2.0338,-1.2904,-0.4604,2.0336,-1.293,-0.4657,2.0152,-1.2904,-0.4604,2.0336,-1.3177,-0.4368,2.0176,-1.3215,-0.4429,1.9908,-1.2956,-0.4715,1.9911,-1.293,-0.4657,2.0152,-1.2956,-0.4715,1.9911,-1.2636,-0.5054,2.0258,-1.3435,-0.4435,2.0137,-1.3435,-0.4383,2.0268,-1.3167,-0.4322,2.03,-1.3166,-0.4286,2.0406,-1.3435,-0.4347,2.0375,-1.2152,-0.4553,2.0455
,-1.2137,-0.4614,2.0346,-1.231,-0.4802,2.0501,-1.2613,-0.4843,2.0481,-1.261,-0.4781,2.058,-1.2613,-0.4709,2.0691,-1.2328,-0.4683,2.0678,-1.2162,-0.4478,2.0567,-1.2878,-0.4531,2.046,-1.2893,-0.4581,2.0352,-1.3009,-0.4254,2.0161,-1.2988,-0.4202,2.0296,-1.2878,-0.4531,2.046,-1.2981,-0.4152,2.0407,-1.2881,-0.4474,2.0574,-1.2119,-0.4671,2.0195,-1.2234,-0.4271,2.0163,-1.2247,-0.4332,1.997
,-1.2234,-0.4271,2.0163,-1.2512,-0.4043,2.0005,-1.2543,-0.4109,1.9714,-1.2275,-0.4407,1.972,-1.2247,-0.4332,1.997,-1.2275,-0.4407,1.972,-1.1964,-0.472,2.0079,-1.2812,-0.4,2.017,-1.2829,-0.4046,2.0019,-1.2511,-0.3997,2.0146,-1.2509,-0.3947,2.0258,-1.2805,-0.3957,2.0282,-1.1662,-0.4365,2.0309,-1.1484,-0.4181,2.0184,-1.1495,-0.4225,2.0119,-1.167,-0.4407,2.0249,-1.1962,-0.4457,2.0243
,-1.1956,-0.4399,2.0334,-1.1944,-0.4336,2.0444,-1.1645,-0.4307,2.0403,-1.1462,-0.4121,2.027,-1.2214,-0.4189,2.0224,-1.2218,-0.4234,2.0124,-1.2291,-0.3957,1.9922,-1.2282,-0.39,2.0045,-1.2214,-0.4189,2.0224,-1.2271,-0.3839,2.0145,-1.2205,-0.4133,2.0325,-1.1498,-0.4282,2.0034,-1.157,-0.3972,1.9934,-1.1577,-0.4044,1.9767,-1.157,-0.3972,1.9934,-1.1802,-0.3782,1.9794,-1.1828,-0.3862,1.9533
,-1.1601,-0.4135,1.955,-1.1577,-0.4044,1.9767,-1.1601,-0.4135,1.955,-1.1504,-0.4383,1.9855,-1.2083,-0.3723,1.9923,-1.2098,-0.3788,1.9798,-1.1784,-0.3718,1.9905,-1.1766,-0.3652,1.9989,-1.207,-0.3659,2.0015,-1.3959,-0.4678,2.1089,-1.3955,-0.4714,2.1021,-1.3798,-0.4647,2.1008,-1.3807,-0.4612,2.1079,-1.3815,-0.4548,2.1211,-1.3965,-0.4613,2.1216,-1.4055,-0.4779,2.1287,-1.4055,-0.485,2.1162
,-1.4055,-0.4889,2.1096,-1.3951,-0.4882,2.0525,-1.3952,-0.4899,2.0464,-1.3755,-0.4828,2.047,-1.376,-0.4805,2.0532,-1.3766,-0.479,2.0623,-1.3943,-0.4864,2.0619,-1.4047,-0.5048,2.0683,-1.4063,-0.5079,2.0591,-1.4067,-0.5101,2.0529,-1.3992,-0.5435,1.9854,-1.388,-0.5146,1.9819,-1.3403,-0.3944,2.1584,-1.3171,-0.3901,2.1575,-1.318,-0.3853,2.1654,-1.3414,-0.3897,2.1665,-1.3203,-0.3788,2.1801
,-1.3425,-0.3831,2.1812,-1.3563,-0.3982,2.1885,-1.3559,-0.4052,2.1742,-1.3547,-0.4096,2.166,-1.344,-0.4136,2.0963,-1.3448,-0.4154,2.0881,-1.3175,-0.4085,2.0909,-1.3178,-0.4071,2.0988,-1.3181,-0.4053,2.1094,-1.3427,-0.4114,2.1076,-1.359,-0.4317,2.1148,-1.3614,-0.4352,2.1032,-1.3629,-0.438,2.0947,-1.3563,-0.4821,1.9972,-1.3456,-0.4521,1.9854,-1.2736,-0.3161,2.2184,-1.2535,-0.3128,2.2161
,-1.2564,-0.3096,2.2372,-1.2721,-0.3075,2.2447,-1.281,-0.3217,2.2452,-1.287,-0.3295,2.2267,-1.2874,-0.3446,2.2005,-1.2727,-0.3299,2.1912,-1.2513,-0.3261,2.1884,-1.2768,-0.373,2.0869,-1.248,-0.3685,2.0837,-1.2482,-0.3658,2.0925,-1.276,-0.3701,2.0957,-1.2487,-0.3621,2.1056,-1.2747,-0.3662,2.1088,-1.2917,-0.3833,2.1197,-1.2939,-0.3882,2.1074,-1.295,-0.3911,2.0988,-1.2875,-0.412,1.9705
,-1.3063,-0.432,1.9878,-1.1797,-0.2855,2.1759,-1.1605,-0.2826,2.173,-1.1619,-0.2795,2.1912,-1.176,-0.2786,2.1989,-1.1857,-0.2906,2.2005,-1.1926,-0.2975,2.1854,-1.1982,-0.3111,2.1594,-1.1826,-0.297,2.1487,-1.16,-0.2931,2.145,-1.1972,-0.3391,2.0505,-1.1689,-0.3364,2.044,-1.1682,-0.3337,2.052,-1.1956,-0.3366,2.0583,-1.1671,-0.3296,2.0641,-1.1932,-0.3326,2.07,-1.2106,-0.3485,2.0838
,-1.2137,-0.3531,2.0729,-1.2157,-0.3561,2.0658,-1.2349,-0.4038,1.9651,-1.215,-0.3873,1.9503,-1.3766,-0.6208,1.7904,-1.356,-0.6017,1.7888,-1.3855,-0.6421,1.7915,-1.3006,-0.5555,1.7797,-1.33,-0.5786,1.7836,-1.2283,-0.5143,1.7877,-1.2661,-0.5359,1.7811,-1.1893,-0.4855,1.7995,-1.1726,-0.5072,1.7752,-1.1435,-0.4809,1.7895,-1.1585,-0.4613,1.8114,-1.1171,-0.542,1.7583,-1.0958,-0.5093,1.7715
,-1.1207,-0.4945,1.7752,-1.1455,-0.5251,1.7613,-1.0146,-0.3617,1.9263,-0.9933,-0.3515,1.9396,-1.0099,-0.3575,1.9475,-1.0307,-0.3679,1.9361,-1.0236,-0.37,1.9515,-1.0421,-0.38,1.9457,-1.0607,-0.3975,1.9364,-1.051,-0.3851,1.9243,-1.0354,-0.379,1.9124,-1.0468,-0.3944,1.898,-1.0614,-0.4004,1.9108,-1.0692,-0.4121,1.9242,-1.072,-0.4211,1.9148,-1.0654,-0.4103,1.9004,-1.0516,-0.4047,1.8873
,-1.0598,-0.4164,1.8747,-1.0568,-0.4122,1.8786,-1.07,-0.4176,1.8925,-1.0727,-0.4215,1.889,-1.0756,-0.4282,1.9076,-1.0781,-0.4317,1.9045,-1.0835,-0.4388,1.8983,-1.0785,-0.4291,1.8823,-1.0661,-0.4247,1.8669,-1.1204,-0.4576,1.8391,-1.1083,-0.4645,1.8193,-1.091,-0.457,1.8372,-1.1017,-0.4566,1.855,-1.1055,-0.4621,1.8731,-1.123,-0.4592,1.8602,-1.1387,-0.4518,1.8485,-1.1371,-0.4547,1.8252
,-1.1235,-0.4686,1.8044,-1.0729,-0.4838,1.8027,-1.0614,-0.4712,1.8227,-1.0764,-0.4618,1.8261,-1.0911,-0.4722,1.8064,-1.1035,-0.479,1.7905,-1.0819,-0.4922,1.7866,-1.0257,-0.4232,1.8647,-1.0227,-0.4188,1.869,-1.0394,-0.4126,1.8706,-1.0425,-0.4169,1.8664,-1.0493,-0.426,1.8577,-1.0327,-0.433,1.8555,-1.0312,-0.3965,1.8885,-1.0171,-0.4051,1.8851,-1.0089,-0.3918,1.8966,-1.0213,-0.3819,1.9017
,-1.0352,-0.4056,1.879,-1.0198,-0.4125,1.8767,-1.003,-0.3646,1.9161,-0.9938,-0.374,1.9104,-0.9828,-0.364,1.9222,-0.9841,-0.3538,1.9296,-0.9984,-0.4061,1.9013,-0.9925,-0.4196,1.9127,-0.9792,-0.3988,1.9248,-0.9848,-0.3871,1.9143,-0.9722,-0.382,1.9327,-0.9848,-0.3871,1.9143,-0.9734,-0.3693,1.9276,-0.9848,-0.3871,1.9143,-0.9734,-0.3693,1.9276,-0.969,-0.3793,1.9444,-0.9764,-0.38,1.9561
,-0.9793,-0.3598,1.9508,-0.9793,-0.3598,1.9508,-1.0112,-0.4306,1.8742,-1.0065,-0.4451,1.8845,-1.005,-0.4422,1.8876,-1.0037,-0.4388,1.8922,-1.0087,-0.4247,1.8818,-1.0087,-0.4247,1.8818,-1.0211,-0.416,1.8721,-1.0112,-0.4306,1.8742,-1.0496,-0.4852,1.828,-1.0438,-0.4995,1.8395,-1.0304,-0.4789,1.8559,-1.0355,-0.4651,1.8452,-1.0159,-0.4602,1.8716,-1.0209,-0.4455,1.8607,-1.0468,-0.4523,1.8402
,-1.0355,-0.4651,1.8452,-1.0751,-0.5323,1.7816,-1.0645,-0.5555,1.8,-1.0556,-0.5443,1.8077,-1.0666,-0.5204,1.7892,-1.0533,-0.5362,1.8132,-1.0666,-0.5204,1.7892,-1.0633,-0.5141,1.796,-1.0666,-0.5204,1.7892,-1.0869,-0.4967,1.7789,-1.0998,-0.4753,1.8858,-1.0875,-0.491,1.8903,-1.0968,-0.4989,1.8837,-1.1127,-0.4761,1.8766,-1.1037,-0.5038,1.8795,-1.123,-0.4733,1.869,-1.1127,-0.4761,1.8766
,-1.0704,-0.4433,1.9194,-1.0573,-0.4579,1.9252,-1.0599,-0.4611,1.9219,-1.0729,-0.4465,1.9163,-1.0657,-0.4676,1.9154,-1.0783,-0.4531,1.9101,-1.0704,-0.4433,1.9194,-1.0647,-0.4277,1.9355,-1.0569,-0.4136,1.9472,-1.0433,-0.427,1.9534,-1.0513,-0.4417,1.9415,-1.054,-0.4505,1.9321,-1.0672,-0.4362,1.9264,-1.0647,-0.4277,1.9355,-1.0672,-0.4362,1.9264,-1.0569,-0.4136,1.9472,-1.0393,-0.3952,1.9554
,-1.0178,-0.3771,1.9599,-1.0121,-0.3895,1.9627,-1.0262,-0.4068,1.9613,-1.0393,-0.3952,1.9554,-1.0569,-0.4136,1.9472,-1.0178,-0.3771,1.9599,-0.9963,-0.3653,1.9578,-0.9938,-0.3846,1.9632,-1.0178,-0.3771,1.9599,-0.9963,-0.3653,1.9578,-1.0751,-0.5323,1.7816,-1.1211,-0.5927,1.7492,-1.0883,-0.58,1.7833,-1.0969,-0.5609,1.7664,-1.3771,-0.6718,1.7958,-1.3834,-0.6538,1.8332,-1.3649,-0.683,1.8324
,-1.3587,-0.6957,1.8019,-1.3716,-0.6631,1.8627,-1.3875,-0.6314,1.8703,-1.3903,-0.6088,1.9039,-1.3763,-0.6403,1.8941,-1.3924,-0.5904,1.9304,-1.3943,-0.5786,1.952,-1.3776,-0.6015,1.9606,-1.3776,-0.619,1.928,-1.394,-0.5751,1.9699,-1.3765,-0.5894,1.9875,-1.3932,-0.573,1.9858,-1.3751,-0.5792,2.0081,-1.1688,-0.4306,1.9152,-1.1596,-0.4663,1.9203,-1.1558,-0.4531,1.9525,-1.1601,-0.4135,1.955
