{"producer":{"name":"Blender","version":"2.76 (sub 0)","exporter_version":"4.6.0","file":"character.babylon"},
"autoClear":true,"clearColor":[1,1,1],"ambientColor":[0,0,0],"gravity":[0,-9.81,0],
"materials":[{"name":"character.Head","id":"character.Head","ambient":[0.8,0.8,0.8],"diffuse":[0.5,0.5,0.5],"specular":[0,0,0],"emissive":[0.5,0.5,0.5],"specularPower":50,"alpha":1,"backFaceCulling":true,"checkReadyOnlyOnce":false, 
"diffuseTexture":{"name":"headBaseTs_ColorMap.jpg","level":1,"hasAlpha":1,"coordinatesMode":0,"uOffset":0,"vOffset":0,"uScale":1,"vScale":1,"uAng":0,"vAng":0,"wAng":0,"wrapU":1,"wrapV":1,"coordinatesIndex":0}},
{"name":"character.Body","id":"character.Body","ambient":[0.8,0.8,0.8],"diffuse":[0.5,0.5,0.5],"specular":[0,0,0],"emissive":[0.5,0.5,0.5],"specularPower":50,"alpha":1,"backFaceCulling":true,"checkReadyOnlyOnce":false, 
"diffuseTexture":{"name":"Body3.jpg","level":1,"hasAlpha":1,"coordinatesMode":0,"uOffset":0,"vOffset":0,"uScale":1,"vScale":1,"uAng":0,"vAng":0,"wAng":0,"wrapU":1,"wrapV":1,"coordinatesIndex":0}},
{"name":"character.Coat","id":"character.Coat","ambient":[0.8,0.8,0.8],"diffuse":[0.8,0.8,0.8],"specular":[0,0,0],"emissive":[0,0,0],"specularPower":50,"alpha":1,"backFaceCulling":true,"checkReadyOnlyOnce":false, 
"diffuseTexture":{"name":"newcloth2.jpg","level":1,"hasAlpha":1,"coordinatesMode":0,"uOffset":0,"vOffset":0,"uScale":1,"vScale":1,"uAng":0,"vAng":0,"wAng":0,"wrapU":1,"wrapV":1,"coordinatesIndex":0}}],
"multiMaterials":[{"name":"character.Multimaterial#0","id":"character.Multimaterial#0","materials":["character.Head","character.Body","character.Coat"]}],
"skeletons":[{"name":"Armature male","id":0,"dimensionsAtRest":[1.1512,3.6303,0.6907],"bones":[
{"name":"hip","index":0,"matrix":[-1,0,0,0,0,0.9893,0.1462,0,0,-0.1462,0.9893,0,0,1.9207,-0.2328,1],"rest":[-1,0,0,0,0,0.9893,0.1462,0,0,-0.1462,0.9893,0,0,1.9207,-0.2328,1],"parentBoneIndex":-1,"length":0.4583
,"animation":{"dataType":3,"framePerSecond":30,"keys":[
{"frame":0,"values":[-1,0,0,0,0,0.9893,0.1462,0,0,-0.1462,0.9893,0,0,1.9207,-0.2328,1]},
{"frame":41,"values":[-1,0,0,0,0,0.9893,0.1462,0,0,-0.1462,0.9893,0,0,1.9207,-0.2328,1]},
{"frame":50,"values":[-1,0,0,0,0,0.9893,0.1462,0,0,-0.1462,0.9893,0,0,1.9207,-0.2328,1]},
{"frame":91,"values":[-1,0,0,0,0,0.9893,0.1462,0,0,-0.1462,0.9893,0,0,1.9207,-0.2328,1]},
{"frame":100,"values":[-1,0,0,0,0,0.9893,0.1462,0,0,-0.1462,0.9893,0,0,1.9207,-0.2328,1]},
{"frame":148,"values":[-1,0,0,0,0,0.9893,0.1462,0,0,-0.1462,0.9893,0,0,1.9207,-0.2328,1]},
{"frame":160,"values":[-1,0,0,0,0,0.9893,0.1462,0,0,-0.1462,0.9893,0,0,1.9207,-0.2328,1]},
{"frame":208,"values":[-1,0,0,0,0,0.9893,0.1462,0,0,-0.1462,0.9893,0,0,1.9207,-0.2328,1]}],"loopBehavior":1,"name":"anim","property":"_matrix"}},
{"name":"back lower","index":1,"matrix":[1,0,0,0,0,0.9773,-0.2117,0,0,0.2117,0.9773,0,0,0.4583,0,1],"rest":[1,0,0,0,0,0.9773,-0.2117,0,0,0.2117,0.9773,0,0,0.4583,0,1],"parentBoneIndex":0,"length":0.3711
,"animation":{"dataType":3,"framePerSecond":30,"keys":[
{"frame":0,"values":[1,0,0,0,0,0.9773,-0.2117,0,0,0.2117,0.9773,0,0,0.4583,0,1]},
{"frame":41,"values":[1,0,0,0,0,0.9773,-0.2117,0,0,0.2117,0.9773,0,0,0.4583,0,1]},
{"frame":50,"values":[1,0,0,0,0,0.9773,-0.2117,0,0,0.2117,0.9773,0,0,0.4583,0,1]},
{"frame":91,"values":[1,0,0,0,0,0.9773,-0.2117,0,0,0.2117,0.9773,0,0,0.4583,0,1]},
{"frame":100,"values":[1,0,0,0,0,0.9773,-0.2117,0,0,0.2117,0.9773,0,0,0.4583,0,1]},
{"frame":148,"values":[1,0,0,0,0,0.9773,-0.2117,0,0,0.2117,0.9773,0,0,0.4583,0,1]},
{"frame":160,"values":[1,0,0,0,0,0.9773,-0.2117,0,0,0.2117,0.9773,0,0,0.4583,0,1]},
{"frame":208,"values":[1,0,0,0,0,0.9773,-0.2117,0,0,0.2117,0.9773,0,0,0.4583,0,1]}],"loopBehavior":1,"name":"anim","property":"_matrix"}},
{"name":"back upper","index":2,"matrix":[1,0,0,0,0,0.9999,0.0132,0,0,-0.0132,0.9999,0,0,0.3711,0,1],"rest":[1,0,0,0,0,0.9999,0.0132,0,0,-0.0132,0.9999,0,0,0.3711,0,1],"parentBoneIndex":1,"length":0.4626
,"animation":{"dataType":3,"framePerSecond":30,"keys":[
{"frame":0,"values":[1,0,0,0,0,0.9999,0.0132,0,0,-0.0132,0.9999,0,0,0.3711,0,1]},
{"frame":41,"values":[1,0,0,0,0,0.9999,0.0132,0,0,-0.0132,0.9999,0,0,0.3711,0,1]},
{"frame":50,"values":[1,0,0,0,0,0.9999,0.0132,0,0,-0.0132,0.9999,0,0,0.3711,0,1]},
{"frame":91,"values":[1,0,0,0,0,0.9999,0.0132,0,0,-0.0132,0.9999,0,0,0.3711,0,1]},
{"frame":100,"values":[1,0,0,0,0,0.9999,0.0132,0,0,-0.0132,0.9999,0,0,0.3711,0,1]},
{"frame":148,"values":[1,0,0,0,0,0.9999,0.0132,0,0,-0.0132,0.9999,0,0,0.3711,0,1]},
{"frame":160,"values":[1,0,0,0,0,0.9999,0.0132,0,0,-0.0132,0.9999,0,0,0.3711,0,1]},
{"frame":208,"values":[1,0,0,0,0,0.9999,0.0132,0,0,-0.0132,0.9999,0,0,0.3711,0,1]}],"loopBehavior":1,"name":"anim","property":"_matrix"}},
{"name":"neck","index":3,"matrix":[1,0,0,0,0,0.8321,0.5546,0,0,-0.5546,0.8321,0,0,0.4626,0,1],"rest":[1,0,0,0,0,0.8321,0.5546,0,0,-0.5546,0.8321,0,0,0.4626,0,1],"parentBoneIndex":2,"length":0.2493
,"animation":{"dataType":3,"framePerSecond":30,"keys":[
{"frame":0,"values":[1,0,0,0,0,0.8321,0.5546,0,0,-0.5546,0.8321,0,0,0.4626,0,1]},
{"frame":41,"values":[1,0,0,0,0,0.8321,0.5546,0,0,-0.5546,0.8321,0,0,0.4626,0,1]},
{"frame":50,"values":[1,0,0,0,0,0.8321,0.5546,0,0,-0.5546,0.8321,0,0,0.4626,0,1]},
{"frame":91,"values":[1,0,0,0,0,0.8321,0.5546,0,0,-0.5546,0.8321,0,0,0.4626,0,1]},
{"frame":100,"values":[1,0,0,0,0,0.8321,0.5546,0,0,-0.5546,0.8321,0,0,0.4626,0,1]},
{"frame":148,"values":[1,0,0,0,0,0.8321,0.5546,0,0,-0.5546,0.8321,0,0,0.4626,0,1]},
{"frame":160,"values":[1,0,0,0,0,0.8321,0.5546,0,0,-0.5546,0.8321,0,0,0.4626,0,1]},
{"frame":208,"values":[1,0,0,0,0,0.8321,0.5546,0,0,-0.5546,0.8321,0,0,0.4626,0,1]}],"loopBehavior":1,"name":"anim","property":"_matrix"}},
{"name":"head","index":4,"matrix":[1,0,0,0,0,0.5094,0.8605,0,0,-0.8605,0.5094,0,0,0.2493,0,1],"rest":[1,0,0,0,0,0.5094,0.8605,0,0,-0.8605,0.5094,0,0,0.2493,0,1],"parentBoneIndex":3,"length":0.3714
,"animation":{"dataType":3,"framePerSecond":30,"keys":[
{"frame":0,"values":[1,0,0,0,0,0.5094,0.8605,0,0,-0.8605,0.5094,0,0,0.2493,0,1]},
{"frame":41,"values":[1,0,0,0,0,0.5094,0.8605,0,0,-0.8605,0.5094,0,0,0.2493,0,1]},
{"frame":50,"values":[1,0,0,0,0,0.5094,0.8605,0,0,-0.8605,0.5094,0,0,0.2493,0,1]},
{"frame":91,"values":[1,0,0,0,0,0.5094,0.8605,0,0,-0.8605,0.5094,0,0,0.2493,0,1]},
{"frame":100,"values":[1,0,0,0,0,0.5094,0.8605,0,0,-0.8605,0.5094,0,0,0.2493,0,1]},
{"frame":148,"values":[1,0,0,0,0,0.5094,0.8605,0,0,-0.8605,0.5094,0,0,0.2493,0,1]},
{"frame":160,"values":[1,0,0,0,0,0.5094,0.8605,0,0,-0.8605,0.5094,0,0,0.2493,0,1]},
{"frame":208,"values":[1,0,0,0,0,0.5094,0.8605,0,0,-0.8605,0.5094,0,0,0.2493,0,1]}],"loopBehavior":1,"name":"anim","property":"_matrix"}},
{"name":"jaw","index":5,"matrix":[1,0,0,0,0,0.8249,0.5652,0,0,-0.5652,0.8249,0,0,0.0465,-0.0592,1],"rest":[1,0,0,0,0,0.8249,0.5652,0,0,-0.5652,0.8249,0,0,0.0465,-0.0592,1],"parentBoneIndex":4,"length":0.2768
,"animation":{"dataType":3,"framePerSecond":30,"keys":[
{"frame":0,"values":[1,0,0,0,0,0.8249,0.5652,0,0,-0.5652,0.8249,0,0,0.0465,-0.0592,1]},
{"frame":41,"values":[1,0,0,0,0,0.8249,0.5652,0,0,-0.5652,0.8249,0,0,0.0465,-0.0592,1]},
{"frame":50,"values":[1,0,0,0,0,0.8249,0.5652,0,0,-0.5652,0.8249,0,0,0.0465,-0.0592,1]},
{"frame":91,"values":[1,0,0,0,0,0.8249,0.5652,0,0,-0.5652,0.8249,0,0,0.0465,-0.0592,1]},
{"frame":100,"values":[1,0,0,0,0,0.8249,0.5652,0,0,-0.5652,0.8249,0,0,0.0465,-0.0592,1]},
{"frame":148,"values":[1,0,0,0,0,0.8249,0.5652,0,0,-0.5652,0.8249,0,0,0.0465,-0.0592,1]},
{"frame":160,"values":[1,0,0,0,0,0.8249,0.5652,0,0,-0.5652,0.8249,0,0,0.0465,-0.0592,1]},
{"frame":208,"values":[1,0,0,0,0,0.8249,0.5652,0,0,-0.5652,0.8249,0,0,0.0465,-0.0592,1]}],"loopBehavior":1,"name":"anim","property":"_matrix"}},
{"name":"lip lower IK","index":6,"matrix":[1,0,0,0,0,-0.1725,-0.985,0,0,0.985,-0.1725,0,0,0.2031,-0.0232,1],"rest":[1,0,0,0,0,-0.1725,-0.985,0,0,0.985,-0.1725,0,0,0.2031,-0.0232,1],"parentBoneIndex":5,"length":0.0265
,"animation":{"dataType":3,"framePerSecond":30,"keys":[
{"frame":0,"values":[1,0,0,0,0,-0.1725,-0.985,0,0,0.985,-0.1725,0,0,0.2031,-0.0232,1]},
{"frame":41,"values":[1,0,0,0,0,-0.1725,-0.985,0,0,0.985,-0.1725,0,0,0.2031,-0.0232,1]},
{"frame":50,"values":[1,0,0,0,0,-0.1725,-0.985,0,0,0.985,-0.1725,0,0,0.2031,-0.0232,1]},
{"frame":91,"values":[1,0,0,0,0,-0.1725,-0.985,0,0,0.985,-0.1725,0,0,0.2031,-0.0232,1]},
{"frame":100,"values":[1,0,0,0,0,-0.1725,-0.985,0,0,0.985,-0.1725,0,0,0.2031,-0.0232,1]},
{"frame":148,"values":[1,0,0,0,0,-0.1725,-0.985,0,0,0.985,-0.1725,0,0,0.2031,-0.0232,1]},
{"frame":160,"values":[1,0,0,0,0,-0.1725,-0.985,0,0,0.985,-0.1725,0,0,0.2031,-0.0232,1]},
{"frame":208,"values":[1,0,0,0,0,-0.1725,-0.985,0,0,0.985,-0.1725,0,0,0.2031,-0.0232,1]}],"loopBehavior":1,"name":"anim","property":"_matrix"}},
{"name":"lip lower center","index":7,"matrix":[1,0,0,0,0,0.6081,0.7938,0,0,-0.7938,0.6081,0,0,0.0265,0,1],"rest":[1,0,0,0,0,0.6081,0.7938,0,0,-0.7938,0.6081,0,0,0.0265,0,1],"parentBoneIndex":6,"length":0.0427
,"animation":{"dataType":3,"framePerSecond":30,"keys":[
{"frame":0,"values":[1,0,0,0,0,0.6081,0.7938,0,0,-0.7938,0.6081,0,0,0.0265,0,1]},
{"frame":41,"values":[1,0,0,0,0,0.6081,0.7938,0,0,-0.7938,0.6081,0,0,0.0265,0,1]},
{"frame":50,"values":[1,0,0,0,0,0.6081,0.7938,0,0,-0.7938,0.6081,0,0,0.0265,0,1]},
{"frame":91,"values":[1,0,0,0,0,0.6081,0.7938,0,0,-0.7938,0.6081,0,0,0.0265,0,1]},
{"frame":100,"values":[1,0,0,0,0,0.6081,0.7938,0,0,-0.7938,0.6081,0,0,0.0265,0,1]},
{"frame":148,"values":[1,0,0,0,0,0.6081,0.7938,0,0,-0.7938,0.6081,0,0,0.0265,0,1]},
{"frame":160,"values":[1,0,0,0,0,0.6081,0.7938,0,0,-0.7938,0.6081,0,0,0.0265,0,1]},
{"frame":208,"values":[1,0,0,0,0,0.6081,0.7938,0,0,-0.7938,0.6081,0,0,0.0265,0,1]}],"loopBehavior":1,"name":"anim","property":"_matrix"}},
{"name":"mouth L","index":8,"matrix":[0.8728,-0.3851,0.2999,0,0.2999,0.9079,0.2931,0,-0.3851,-0.1659,0.9079,0,0,0.0465,-0.0592,1],"rest":[0.8728,-0.3851,0.2999,0,0.2999,0.9079,0.2931,0,-0.3851,-0.1659,0.9079,0,0,0.0465,-0.0592,1],"parentBoneIndex":4,"length":0.2709
,"animation":{"dataType":3,"framePerSecond":30,"keys":[
{"frame":0,"values":[0.8728,-0.3851,0.2999,0,0.2999,0.9079,0.2931,0,-0.3851,-0.1659,0.9079,0,0,0.0465,-0.0592,1]},
{"frame":41,"values":[0.8728,-0.3851,0.2999,0,0.2999,0.9079,0.2931,0,-0.3851,-0.1659,0.9079,0,0,0.0465,-0.0592,1]},
{"frame":50,"values":[0.8728,-0.3851,0.2999,0,0.2999,0.9079,0.2931,0,-0.3851,-0.1659,0.9079,0,0,0.0465,-0.0592,1]},
{"frame":91,"values":[0.8728,-0.3851,0.2999,0,0.2999,0.9079,0.2931,0,-0.3851,-0.1659,0.9079,0,0,0.0465,-0.0592,1]},
{"frame":100,"values":[0.8728,-0.3851,0.2999,0,0.2999,0.9079,0.2931,0,-0.3851,-0.1659,0.9079,0,0,0.0465,-0.0592,1]},
{"frame":148,"values":[0.8728,-0.3851,0.2999,0,0.2999,0.9079,0.2931,0,-0.3851,-0.1659,0.9079,0,0,0.0465,-0.0592,1]},
{"frame":160,"values":[0.8728,-0.3851,0.2999,0,0.2999,0.9079,0.2931,0,-0.3851,-0.1659,0.9079,0,0,0.0465,-0.0592,1]},
{"frame":208,"values":[0.8728,-0.3851,0.2999,0,0.2999,0.9079,0.2931,0,-0.3851,-0.1659,0.9079,0,0,0.0465,-0.0592,1]}],"loopBehavior":1,"name":"anim","property":"_matrix"}},
{"name":"mouth R","index":9,"matrix":[0.8728,0.3851,-0.2999,0,-0.2999,0.9079,0.2931,0,0.3851,-0.1659,0.9079,0,0,0.0465,-0.0592,1],"rest":[0.8728,0.3851,-0.2999,0,-0.2999,0.9079,0.2931,0,0.3851,-0.1659,0.9079,0,0,0.0465,-0.0592,1],"parentBoneIndex":4,"length":0.2709
,"animation":{"dataType":3,"framePerSecond":30,"keys":[
{"frame":0,"values":[0.8728,0.3851,-0.2999,0,-0.2999,0.9079,0.2931,0,0.3851,-0.1659,0.9079,0,0,0.0465,-0.0592,1]},
{"frame":41,"values":[0.8728,0.3851,-0.2999,0,-0.2999,0.9079,0.2931,0,0.3851,-0.1659,0.9079,0,0,0.0465,-0.0592,1]},
{"frame":50,"values":[0.8728,0.3851,-0.2999,0,-0.2999,0.9079,0.2931,0,0.3851,-0.1659,0.9079,0,0,0.0465,-0.0592,1]},
{"frame":91,"values":[0.8728,0.3851,-0.2999,0,-0.2999,0.9079,0.2931,0,0.3851,-0.1659,0.9079,0,0,0.0465,-0.0592,1]},
{"frame":100,"values":[0.8728,0.3851,-0.2999,0,-0.2999,0.9079,0.2931,0,0.3851,-0.1659,0.9079,0,0,0.0465,-0.0592,1]},
{"frame":148,"values":[0.8728,0.3851,-0.2999,0,-0.2999,0.9079,0.2931,0,0.3851,-0.1659,0.9079,0,0,0.0465,-0.0592,1]},
{"frame":160,"values":[0.8728,0.3851,-0.2999,0,-0.2999,0.9079,0.2931,0,0.3851,-0.1659,0.9079,0,0,0.0465,-0.0592,1]},
{"frame":208,"values":[0.8728,0.3851,-0.2999,0,-0.2999,0.9079,0.2931,0,0.3851,-0.1659,0.9079,0,0,0.0465,-0.0592,1]}],"loopBehavior":1,"name":"anim","property":"_matrix"}},
{"name":"look","index":10,"matrix":[1,0,0,0,0,1,-0.0005,0,0,0.0005,1,0,0,0.1614,-0.1474,1],"rest":[1,0,0,0,0,1,-0.0005,0,0,0.0005,1,0,0,0.1614,-0.1474,1],"parentBoneIndex":4,"length":0.2047
,"animation":{"dataType":3,"framePerSecond":30,"keys":[
{"frame":0,"values":[1,0,0,0,0,1,-0.0005,0,0,0.0005,1,0,0,0.1614,-0.1474,1]},
{"frame":41,"values":[1,0,0,0,0,1,-0.0005,0,0,0.0005,1,0,0,0.1614,-0.1474,1]},
{"frame":50,"values":[1,0,0,0,0,1,-0.0005,0,0,0.0005,1,0,0,0.1614,-0.1474,1]},
{"frame":91,"values":[1,0,0,0,0,1,-0.0005,0,0,0.0005,1,0,0,0.1614,-0.1474,1]},
{"frame":100,"values":[1,0,0,0,0,1,-0.0005,0,0,0.0005,1,0,0,0.1614,-0.1474,1]},
{"frame":148,"values":[1,0,0,0,0,1,-0.0005,0,0,0.0005,1,0,0,0.1614,-0.1474,1]},
{"frame":160,"values":[1,0,0,0,0,1,-0.0005,0,0,0.0005,1,0,0,0.1614,-0.1474,1]},
{"frame":208,"values":[1,0,0,0,0,1,-0.0005,0,0,0.0005,1,0,0,0.1614,-0.1474,1]}],"loopBehavior":1,"name":"anim","property":"_matrix"}},
{"name":"eye L","index":11,"matrix":[1,0,0,0,0,1,-0.0003,0,0,0.0003,1,0,0.0667,0.1614,-0.1474,1],"rest":[1,0,0,0,0,1,-0.0003,0,0,0.0003,1,0,0.0667,0.1614,-0.1474,1],"parentBoneIndex":4,"length":0.1051
,"animation":{"dataType":3,"framePerSecond":30,"keys":[
{"frame":0,"values":[1,0,0,0,0,1,-0.0003,0,0,0.0003,1,0,0.0667,0.1614,-0.1474,1]},
{"frame":41,"values":[1,0,0,0,0,1,-0.0003,0,0,0.0003,1,0,0.0667,0.1614,-0.1474,1]},
{"frame":50,"values":[1,0,0,0,0,1,-0.0003,0,0,0.0003,1,0,0.0667,0.1614,-0.1474,1]},
{"frame":91,"values":[1,0,0,0,0,1,-0.0003,0,0,0.0003,1,0,0.0667,0.1614,-0.1474,1]},
{"frame":100,"values":[1,0,0,0,0,1,-0.0003,0,0,0.0003,1,0,0.0667,0.1614,-0.1474,1]},
{"frame":148,"values":[1,0,0,0,0,1,-0.0003,0,0,0.0003,1,0,0.0667,0.1614,-0.1474,1]},
{"frame":160,"values":[1,0,0,0,0,1,-0.0003,0,0,0.0003,1,0,0.0667,0.1614,-0.1474,1]},
{"frame":208,"values":[1,0,0,0,0,1,-0.0003,0,0,0.0003,1,0,0.0667,0.1614,-0.1474,1]}],"loopBehavior":1,"name":"anim","property":"_matrix"}},
{"name":"eye R","index":12,"matrix":[1,0,0,0,0,1,-0.0003,0,0,0.0003,1,0,-0.0667,0.1614,-0.1474,1],"rest":[1,0,0,0,0,1,-0.0003,0,0,0.0003,1,0,-0.0667,0.1614,-0.1474,1],"parentBoneIndex":4,"length":0.1051
,"animation":{"dataType":3,"framePerSecond":30,"keys":[
{"frame":0,"values":[1,0,0,0,0,1,-0.0003,0,0,0.0003,1,0,-0.0667,0.1614,-0.1474,1]},
{"frame":41,"values":[1,0,0,0,0,1,-0.0003,0,0,0.0003,1,0,-0.0667,0.1614,-0.1474,1]},
{"frame":50,"values":[1,0,0,0,0,1,-0.0003,0,0,0.0003,1,0,-0.0667,0.1614,-0.1474,1]},
{"frame":91,"values":[1,0,0,0,0,1,-0.0003,0,0,0.0003,1,0,-0.0667,0.1614,-0.1474,1]},
{"frame":100,"values":[1,0,0,0,0,1,-0.0003,0,0,0.0003,1,0,-0.0667,0.1614,-0.1474,1]},
{"frame":148,"values":[1,0,0,0,0,1,-0.0003,0,0,0.0003,1,0,-0.0667,0.1614,-0.1474,1]},
{"frame":160,"values":[1,0,0,0,0,1,-0.0003,0,0,0.0003,1,0,-0.0667,0.1614,-0.1474,1]},
{"frame":208,"values":[1,0,0,0,0,1,-0.0003,0,0,0.0003,1,0,-0.0667,0.1614,-0.1474,1]}],"loopBehavior":1,"name":"anim","property":"_matrix"}},
{"name":"blink L","index":13,"matrix":[1,0,0,0,0,0.915,-0.4034,0,0,0.4034,0.915,0,0.0667,0.1853,-0.1474,1],"rest":[1,0,0,0,0,0.915,-0.4034,0,0,0.4034,0.915,0,0.0667,0.1853,-0.1474,1],"parentBoneIndex":4,"length":0.1088
,"animation":{"dataType":3,"framePerSecond":30,"keys":[
{"frame":0,"values":[1,0,0,0,0,0.915,-0.4034,0,0,0.4034,0.915,0,0.0667,0.1853,-0.1474,1]},
{"frame":41,"values":[1,0,0,0,0,0.915,-0.4034,0,0,0.4034,0.915,0,0.0667,0.1853,-0.1474,1]},
{"frame":50,"values":[1,0,0,0,0,0.915,-0.4034,0,0,0.4034,0.915,0,0.0667,0.1853,-0.1474,1]},
{"frame":91,"values":[1,0,0,0,0,0.915,-0.4034,0,0,0.4034,0.915,0,0.0667,0.1853,-0.1474,1]},
{"frame":100,"values":[1,0,0,0,0,0.915,-0.4034,0,0,0.4034,0.915,0,0.0667,0.1853,-0.1474,1]},
{"frame":148,"values":[1,0,0,0,0,0.915,-0.4034,0,0,0.4034,0.915,0,0.0667,0.1853,-0.1474,1]},
{"frame":160,"values":[1,0,0,0,0,0.915,-0.4034,0,0,0.4034,0.915,0,0.0667,0.1853,-0.1474,1]},
{"frame":208,"values":[1,0,0,0,0,0.915,-0.4034,0,0,0.4034,0.915,0,0.0667,0.1853,-0.1474,1]}],"loopBehavior":1,"name":"anim","property":"_matrix"}},
{"name":"blink R","index":14,"matrix":[1,0,0,0,0,0.915,-0.4034,0,0,0.4034,0.915,0,-0.0667,0.1853,-0.1474,1],"rest":[1,0,0,0,0,0.915,-0.4034,0,0,0.4034,0.915,0,-0.0667,0.1853,-0.1474,1],"parentBoneIndex":4,"length":0.1088
,"animation":{"dataType":3,"framePerSecond":30,"keys":[
{"frame":0,"values":[1,0,0,0,0,0.915,-0.4034,0,0,0.4034,0.915,0,-0.0667,0.1853,-0.1474,1]},
{"frame":41,"values":[1,0,0,0,0,0.915,-0.4034,0,0,0.4034,0.915,0,-0.0667,0.1853,-0.1474,1]},
{"frame":50,"values":[1,0,0,0,0,0.915,-0.4034,0,0,0.4034,0.915,0,-0.0667,0.1853,-0.1474,1]},
{"frame":91,"values":[1,0,0,0,0,0.915,-0.4034,0,0,0.4034,0.915,0,-0.0667,0.1853,-0.1474,1]},
{"frame":100,"values":[1,0,0,0,0,0.915,-0.4034,0,0,0.4034,0.915,0,-0.0667,0.1853,-0.1474,1]},
{"frame":148,"values":[1,0,0,0,0,0.915,-0.4034,0,0,0.4034,0.915,0,-0.0667,0.1853,-0.1474,1]},
{"frame":160,"values":[1,0,0,0,0,0.915,-0.4034,0,0,0.4034,0.915,0,-0.0667,0.1853,-0.1474,1]},
{"frame":208,"values":[1,0,0,0,0,0.915,-0.4034,0,0,0.4034,0.915,0,-0.0667,0.1853,-0.1474,1]}],"loopBehavior":1,"name":"anim","property":"_matrix"}},
{"name":"brow L outer","index":15,"matrix":[1,0,0,0,0,0.9298,0.368,0,0,-0.368,0.9298,0,0.1046,0.1607,-0.2316,1],"rest":[1,0,0,0,0,0.9298,0.368,0,0,-0.368,0.9298,0,0.1046,0.1607,-0.2316,1],"parentBoneIndex":4,"length":0.1153
,"animation":{"dataType":3,"framePerSecond":30,"keys":[
{"frame":0,"values":[1,0,0,0,0,0.9298,0.368,0,0,-0.368,0.9298,0,0.1046,0.1607,-0.2316,1]},
{"frame":41,"values":[1,0,0,0,0,0.9298,0.368,0,0,-0.368,0.9298,0,0.1046,0.1607,-0.2316,1]},
{"frame":50,"values":[1,0,0,0,0,0.9298,0.368,0,0,-0.368,0.9298,0,0.1046,0.1607,-0.2316,1]},
{"frame":91,"values":[1,0,0,0,0,0.9298,0.368,0,0,-0.368,0.9298,0,0.1046,0.1607,-0.2316,1]},
{"frame":100,"values":[1,0,0,0,0,0.9298,0.368,0,0,-0.368,0.9298,0,0.1046,0.1607,-0.2316,1]},
{"frame":148,"values":[1,0,0,0,0,0.9298,0.368,0,0,-0.368,0.9298,0,0.1046,0.1607,-0.2316,1]},
{"frame":160,"values":[1,0,0,0,0,0.9298,0.368,0,0,-0.368,0.9298,0,0.1046,0.1607,-0.2316,1]},
{"frame":208,"values":[1,0,0,0,0,0.9298,0.368,0,0,-0.368,0.9298,0,0.1046,0.1607,-0.2316,1]}],"loopBehavior":1,"name":"anim","property":"_matrix"}},
{"name":"brow L inner","index":16,"matrix":[1,0,0,0,0,0.9298,0.368,0,0,-0.368,0.9298,0,0.047,0.1607,-0.214,1],"rest":[1,0,0,0,0,0.9298,0.368,0,0,-0.368,0.9298,0,0.047,0.1607,-0.214,1],"parentBoneIndex":4,"length":0.1153
,"animation":{"dataType":3,"framePerSecond":30,"keys":[
{"frame":0,"values":[1,0,0,0,0,0.9298,0.368,0,0,-0.368,0.9298,0,0.047,0.1607,-0.214,1]},
{"frame":41,"values":[1,0,0,0,0,0.9298,0.368,0,0,-0.368,0.9298,0,0.047,0.1607,-0.214,1]},
{"frame":50,"values":[1,0,0,0,0,0.9298,0.368,0,0,-0.368,0.9298,0,0.047,0.1607,-0.214,1]},
{"frame":91,"values":[1,0,0,0,0,0.9298,0.368,0,0,-0.368,0.9298,0,0.047,0.1607,-0.214,1]},
{"frame":100,"values":[1,0,0,0,0,0.9298,0.368,0,0,-0.368,0.9298,0,0.047,0.1607,-0.214,1]},
{"frame":148,"values":[1,0,0,0,0,0.9298,0.368,0,0,-0.368,0.9298,0,0.047,0.1607,-0.214,1]},
{"frame":160,"values":[1,0,0,0,0,0.9298,0.368,0,0,-0.368,0.9298,0,0.047,0.1607,-0.214,1]},
{"frame":208,"values":[1,0,0,0,0,0.9298,0.368,0,0,-0.368,0.9298,0,0.047,0.1607,-0.214,1]}],"loopBehavior":1,"name":"anim","property":"_matrix"}},
{"name":"brow R outer","index":17,"matrix":[1,0,0,0,0,0.9298,0.368,0,0,-0.368,0.9298,0,-0.1046,0.1607,-0.2316,1],"rest":[1,0,0,0,0,0.9298,0.368,0,0,-0.368,0.9298,0,-0.1046,0.1607,-0.2316,1],"parentBoneIndex":4,"length":0.1153
,"animation":{"dataType":3,"framePerSecond":30,"keys":[
{"frame":0,"values":[1,0,0,0,0,0.9298,0.368,0,0,-0.368,0.9298,0,-0.1046,0.1607,-0.2316,1]},
{"frame":41,"values":[1,0,0,0,0,0.9298,0.368,0,0,-0.368,0.9298,0,-0.1046,0.1607,-0.2316,1]},
{"frame":50,"values":[1,0,0,0,0,0.9298,0.368,0,0,-0.368,0.9298,0,-0.1046,0.1607,-0.2316,1]},
{"frame":91,"values":[1,0,0,0,0,0.9298,0.368,0,0,-0.368,0.9298,0,-0.1046,0.1607,-0.2316,1]},
{"frame":100,"values":[1,0,0,0,0,0.9298,0.368,0,0,-0.368,0.9298,0,-0.1046,0.1607,-0.2316,1]},
{"frame":148,"values":[1,0,0,0,0,0.9298,0.368,0,0,-0.368,0.9298,0,-0.1046,0.1607,-0.2316,1]},
{"frame":160,"values":[1,0,0,0,0,0.9298,0.368,0,0,-0.368,0.9298,0,-0.1046,0.1607,-0.2316,1]},
{"frame":208,"values":[1,0,0,0,0,0.9298,0.368,0,0,-0.368,0.9298,0,-0.1046,0.1607,-0.2316,1]}],"loopBehavior":1,"name":"anim","property":"_matrix"}},
{"name":"brow R inner","index":18,"matrix":[1,0,0,0,0,0.9298,0.368,0,0,-0.368,0.9298,0,-0.047,0.1607,-0.214,1],"rest":[1,0,0,0,0,0.9298,0.368,0,0,-0.368,0.9298,0,-0.047,0.1607,-0.214,1],"parentBoneIndex":4,"length":0.1153
,"animation":{"dataType":3,"framePerSecond":30,"keys":[
{"frame":0,"values":[1,0,0,0,0,0.9298,0.368,0,0,-0.368,0.9298,0,-0.047,0.1607,-0.214,1]},
{"frame":41,"values":[1,0,0,0,0,0.9298,0.368,0,0,-0.368,0.9298,0,-0.047,0.1607,-0.214,1]},
{"frame":50,"values":[1,0,0,0,0,0.9298,0.368,0,0,-0.368,0.9298,0,-0.047,0.1607,-0.214,1]},
{"frame":91,"values":[1,0,0,0,0,0.9298,0.368,0,0,-0.368,0.9298,0,-0.047,0.1607,-0.214,1]},
{"frame":100,"values":[1,0,0,0,0,0.9298,0.368,0,0,-0.368,0.9298,0,-0.047,0.1607,-0.214,1]},
{"frame":148,"values":[1,0,0,0,0,0.9298,0.368,0,0,-0.368,0.9298,0,-0.047,0.1607,-0.214,1]},
{"frame":160,"values":[1,0,0,0,0,0.9298,0.368,0,0,-0.368,0.9298,0,-0.047,0.1607,-0.214,1]},
{"frame":208,"values":[1,0,0,0,0,0.9298,0.368,0,0,-0.368,0.9298,0,-0.047,0.1607,-0.214,1]}],"loopBehavior":1,"name":"anim","property":"_matrix"}},
{"name":"lip upper IK","index":19,"matrix":[1,0,0,0,0,0.5905,0.807,0,0,-0.807,0.5905,0,0,0.2261,-0.0331,1],"rest":[1,0,0,0,0,0.5905,0.807,0,0,-0.807,0.5905,0,0,0.2261,-0.0331,1],"parentBoneIndex":4,"length":0.0274
,"animation":{"dataType":3,"framePerSecond":30,"keys":[
{"frame":0,"values":[1,0,0,0,0,0.5905,0.807,0,0,-0.807,0.5905,0,0,0.2261,-0.0331,1]},
{"frame":41,"values":[1,0,0,0,0,0.5905,0.807,0,0,-0.807,0.5905,0,0,0.2261,-0.0331,1]},
{"frame":50,"values":[1,0,0,0,0,0.5905,0.807,0,0,-0.807,0.5905,0,0,0.2261,-0.0331,1]},
{"frame":91,"values":[1,0,0,0,0,0.5905,0.807,0,0,-0.807,0.5905,0,0,0.2261,-0.0331,1]},
{"frame":100,"values":[1,0,0,0,0,0.5905,0.807,0,0,-0.807,0.5905,0,0,0.2261,-0.0331,1]},
{"frame":148,"values":[1,0,0,0,0,0.5905,0.807,0,0,-0.807,0.5905,0,0,0.2261,-0.0331,1]},
{"frame":160,"values":[1,0,0,0,0,0.5905,0.807,0,0,-0.807,0.5905,0,0,0.2261,-0.0331,1]},
{"frame":208,"values":[1,0,0,0,0,0.5905,0.807,0,0,-0.807,0.5905,0,0,0.2261,-0.0331,1]}],"loopBehavior":1,"name":"anim","property":"_matrix"}},
{"name":"lip upper center","index":20,"matrix":[1,0,0,0,0,0.0616,-0.9981,0,0,0.9981,0.0616,0,0,0.0274,0,1],"rest":[1,0,0,0,0,0.0616,-0.9981,0,0,0.9981,0.0616,0,0,0.0274,0,1],"parentBoneIndex":19,"length":0.0499
,"animation":{"dataType":3,"framePerSecond":30,"keys":[
{"frame":0,"values":[1,0,0,0,0,0.0616,-0.9981,0,0,0.9981,0.0616,0,0,0.0274,0,1]},
{"frame":41,"values":[1,0,0,0,0,0.0616,-0.9981,0,0,0.9981,0.0616,0,0,0.0274,0,1]},
{"frame":50,"values":[1,0,0,0,0,0.0616,-0.9981,0,0,0.9981,0.0616,0,0,0.0274,0,1]},
{"frame":91,"values":[1,0,0,0,0,0.0616,-0.9981,0,0,0.9981,0.0616,0,0,0.0274,0,1]},
{"frame":100,"values":[1,0,0,0,0,0.0616,-0.9981,0,0,0.9981,0.0616,0,0,0.0274,0,1]},
{"frame":148,"values":[1,0,0,0,0,0.0616,-0.9981,0,0,0.9981,0.0616,0,0,0.0274,0,1]},
{"frame":160,"values":[1,0,0,0,0,0.0616,-0.9981,0,0,0.9981,0.0616,0,0,0.0274,0,1]},
{"frame":208,"values":[1,0,0,0,0,0.0616,-0.9981,0,0,0.9981,0.0616,0,0,0.0274,0,1]}],"loopBehavior":1,"name":"anim","property":"_matrix"}},
{"name":"shoulder L","index":21,"matrix":[0.3752,-0.9089,-0.1823,0,0.9173,0.3356,0.2143,0,-0.1336,-0.2476,0.9596,0,0,0.2313,0,1],"rest":[0.3752,-0.9089,-0.1823,0,0.9173,0.3356,0.2143,0,-0.1336,-0.2476,0.9596,0,0,0.2313,0,1],"parentBoneIndex":2,"length":0.3721
,"animation":{"dataType":3,"framePerSecond":30,"keys":[
{"frame":0,"values":[0.3752,-0.9089,-0.1823,0,0.9173,0.3356,0.2143,0,-0.1336,-0.2476,0.9596,0,0,0.2313,0,1]},
{"frame":41,"values":[0.3752,-0.9089,-0.1823,0,0.9173,0.3356,0.2143,0,-0.1336,-0.2476,0.9596,0,0,0.2313,0,1]},
{"frame":50,"values":[0.3752,-0.9089,-0.1823,0,0.9173,0.3356,0.2143,0,-0.1336,-0.2476,0.9596,0,0,0.2313,0,1]},
{"frame":91,"values":[0.3752,-0.9089,-0.1823,0,0.9173,0.3356,0.2143,0,-0.1336,-0.2476,0.9596,0,0,0.2313,0,1]},
{"frame":100,"values":[0.3752,-0.9089,-0.1823,0,0.9173,0.3356,0.2143,0,-0.1336,-0.2476,0.9596,0,0,0.2313,0,1]},
{"frame":148,"values":[0.3752,-0.9089,-0.1823,0,0.9173,0.3356,0.2143,0,-0.1336,-0.2476,0.9596,0,0,0.2313,0,1]},
{"frame":160,"values":[0.3752,-0.9089,-0.1823,0,0.9173,0.3356,0.2143,0,-0.1336,-0.2476,0.9596,0,0,0.2313,0,1]},
{"frame":208,"values":[0.3752,-0.9089,-0.1823,0,0.9173,0.3356,0.2143,0,-0.1336,-0.2476,0.9596,0,0,0.2313,0,1]}],"loopBehavior":1,"name":"anim","property":"_matrix"}},
{"name":"arm L","index":22,"matrix":[-0.1996,-0.6609,0.7234,0,0.978,-0.1799,0.1055,0,0.0604,0.7286,0.6823,0,0,0.3721,0,1],"rest":[-0.1996,-0.6609,0.7234,0,0.978,-0.1799,0.1055,0,0.0604,0.7286,0.6823,0,0,0.3721,0,1],"parentBoneIndex":21,"length":0.6731
,"animation":{"dataType":3,"framePerSecond":30,"keys":[
{"frame":0,"values":[-0.1996,-0.6609,0.7234,0,0.978,-0.1799,0.1055,0,0.0604,0.7286,0.6823,0,0,0.3721,0,1]},
{"frame":41,"values":[-0.1996,-0.6609,0.7234,0,0.978,-0.1799,0.1055,0,0.0604,0.7286,0.6823,0,0,0.3721,0,1]},
{"frame":50,"values":[-0.1996,-0.6609,0.7234,0,0.978,-0.1799,0.1055,0,0.0604,0.7286,0.6823,0,0,0.3721,0,1]},
{"frame":91,"values":[-0.1996,-0.6609,0.7234,0,0.978,-0.1799,0.1055,0,0.0604,0.7286,0.6823,0,0,0.3721,0,1]},
{"frame":100,"values":[-0.1996,-0.6609,0.7234,0,0.978,-0.1799,0.1055,0,0.0604,0.7286,0.6823,0,0,0.3721,0,1]},
{"frame":148,"values":[-0.1996,-0.6609,0.7234,0,0.978,-0.1799,0.1055,0,0.0604,0.7286,0.6823,0,0,0.3721,0,1]},
{"frame":160,"values":[-0.1996,-0.6609,0.7234,0,0.978,-0.1799,0.1055,0,0.0604,0.7286,0.6823,0,0,0.3721,0,1]},
{"frame":208,"values":[-0.1996,-0.6609,0.7234,0,0.978,-0.1799,0.1055,0,0.0604,0.7286,0.6823,0,0,0.3721,0,1]}],"loopBehavior":1,"name":"anim","property":"_matrix"}},
{"name":"forearm L","index":23,"matrix":[-0.9332,0.2571,0.251,0,0.3134,0.9242,0.2185,0,-0.1758,0.2825,-0.943,0,0,0.6731,0,1],"rest":[-0.9332,0.2571,0.251,0,0.3134,0.9242,0.2185,0,-0.1758,0.2825,-0.943,0,0,0.6731,0,1],"parentBoneIndex":22,"length":0.5563
,"animation":{"dataType":3,"framePerSecond":30,"keys":[
{"frame":0,"values":[-0.9332,0.2571,0.251,0,0.3134,0.9242,0.2185,0,-0.1758,0.2825,-0.943,0,0,0.6731,0,1]},
{"frame":41,"values":[-0.9332,0.2571,0.251,0,0.3134,0.9242,0.2185,0,-0.1758,0.2825,-0.943,0,0,0.6731,0,1]},
{"frame":50,"values":[-0.9332,0.2571,0.251,0,0.3134,0.9242,0.2185,0,-0.1758,0.2825,-0.943,0,0,0.6731,0,1]},
{"frame":91,"values":[-0.9332,0.2571,0.251,0,0.3134,0.9242,0.2185,0,-0.1758,0.2825,-0.943,0,0,0.6731,0,1]},
{"frame":100,"values":[-0.9332,0.2571,0.251,0,0.3134,0.9242,0.2185,0,-0.1758,0.2825,-0.943,0,0,0.6731,0,1]},
{"frame":148,"values":[-0.9332,0.2571,0.251,0,0.3134,0.9242,0.2185,0,-0.1758,0.2825,-0.943,0,0,0.6731,0,1]},
{"frame":160,"values":[-0.9332,0.2571,0.251,0,0.3134,0.9242,0.2185,0,-0.1758,0.2825,-0.943,0,0,0.6731,0,1]},
{"frame":208,"values":[-0.9332,0.2571,0.251,0,0.3134,0.9242,0.2185,0,-0.1758,0.2825,-0.943,0,0,0.6731,0,1]}],"loopBehavior":1,"name":"anim","property":"_matrix"}},
{"name":"hand L","index":24,"matrix":[-0.9739,0.2269,0.0013,0,0.2187,0.937,0.2723,0,0.0605,0.2655,-0.9622,0,0,0.5563,0,1],"rest":[-0.9739,0.2269,0.0013,0,0.2187,0.937,0.2723,0,0.0605,0.2655,-0.9622,0,0,0.5563,0,1],"parentBoneIndex":23,"length":0.2047
,"animation":{"dataType":3,"framePerSecond":30,"keys":[
{"frame":0,"values":[-0.9739,0.2269,0.0013,0,0.2187,0.937,0.2723,0,0.0605,0.2655,-0.9622,0,0,0.5563,0,1]},
{"frame":41,"values":[-0.9739,0.2269,0.0013,0,0.2187,0.937,0.2723,0,0.0605,0.2655,-0.9622,0,0,0.5563,0,1]},
{"frame":50,"values":[-0.9739,0.2269,0.0013,0,0.2187,0.937,0.2723,0,0.0605,0.2655,-0.9622,0,0,0.5563,0,1]},
{"frame":91,"values":[-0.9739,0.2269,0.0013,0,0.2187,0.937,0.2723,0,0.0605,0.2655,-0.9622,0,0,0.5563,0,1]},
{"frame":100,"values":[-0.9739,0.2269,0.0013,0,0.2187,0.937,0.2723,0,0.0605,0.2655,-0.9622,0,0,0.5563,0,1]},
{"frame":148,"values":[-0.9739,0.2269,0.0013,0,0.2187,0.937,0.2723,0,0.0605,0.2655,-0.9622,0,0,0.5563,0,1]},
{"frame":160,"values":[-0.9739,0.2269,0.0013,0,0.2187,0.937,0.2723,0,0.0605,0.2655,-0.9622,0,0,0.5563,0,1]},
{"frame":208,"values":[-0.9739,0.2269,0.0013,0,0.2187,0.937,0.2723,0,0.0605,0.2655,-0.9622,0,0,0.5563,0,1]}],"loopBehavior":1,"name":"anim","property":"_matrix"}},
{"name":"finger 2 L 1","index":25,"matrix":[-0.951,0.1373,0.277,0,0.0529,0.955,-0.2917,0,-0.3046,-0.2628,-0.9155,0,0,0.2047,0,1],"rest":[-0.951,0.1373,0.277,0,0.0529,0.955,-0.2917,0,-0.3046,-0.2628,-0.9155,0,0,0.2047,0,1],"parentBoneIndex":24,"length":0.0992
,"animation":{"dataType":3,"framePerSecond":30,"keys":[
{"frame":0,"values":[-0.951,0.1373,0.277,0,0.0529,0.955,-0.2917,0,-0.3046,-0.2628,-0.9155,0,0,0.2047,0,1]},
{"frame":41,"values":[-0.951,0.1373,0.277,0,0.0529,0.955,-0.2917,0,-0.3046,-0.2628,-0.9155,0,0,0.2047,0,1]},
{"frame":50,"values":[-0.951,0.1373,0.277,0,0.0529,0.955,-0.2917,0,-0.3046,-0.2628,-0.9155,0,0,0.2047,0,1]},
{"frame":91,"values":[-0.951,0.1373,0.277,0,0.0529,0.955,-0.2917,0,-0.3046,-0.2628,-0.9155,0,0,0.2047,0,1]},
{"frame":100,"values":[-0.951,0.1373,0.277,0,0.0529,0.955,-0.2917,0,-0.3046,-0.2628,-0.9155,0,0,0.2047,0,1]},
{"frame":148,"values":[-0.951,0.1373,0.277,0,0.0529,0.955,-0.2917,0,-0.3046,-0.2628,-0.9155,0,0,0.2047,0,1]},
{"frame":160,"values":[-0.951,0.1373,0.277,0,0.0529,0.955,-0.2917,0,-0.3046,-0.2628,-0.9155,0,0,0.2047,0,1]},
{"frame":208,"values":[-0.951,0.1373,0.277,0,0.0529,0.955,-0.2917,0,-0.3046,-0.2628,-0.9155,0,0,0.2047,0,1]}],"loopBehavior":1,"name":"anim","property":"_matrix"}},
{"name":"finger 2 L 2","index":26,"matrix":[0.602,-0.1207,-0.7893,0,0.0981,0.9922,-0.077,0,0.7925,-0.0311,0.6091,0,0,0.0992,0,1],"rest":[0.602,-0.1207,-0.7893,0,0.0981,0.9922,-0.077,0,0.7925,-0.0311,0.6091,0,0,0.0992,0,1],"parentBoneIndex":25,"length":0.0537
,"animation":{"dataType":3,"framePerSecond":30,"keys":[
{"frame":0,"values":[0.602,-0.1207,-0.7893,0,0.0981,0.9922,-0.077,0,0.7925,-0.0311,0.6091,0,0,0.0992,0,1]},
{"frame":41,"values":[0.602,-0.1207,-0.7893,0,0.0981,0.9922,-0.077,0,0.7925,-0.0311,0.6091,0,0,0.0992,0,1]},
{"frame":50,"values":[0.602,-0.1207,-0.7893,0,0.0981,0.9922,-0.077,0,0.7925,-0.0311,0.6091,0,0,0.0992,0,1]},
{"frame":91,"values":[0.602,-0.1207,-0.7893,0,0.0981,0.9922,-0.077,0,0.7925,-0.0311,0.6091,0,0,0.0992,0,1]},
{"frame":100,"values":[0.602,-0.1207,-0.7893,0,0.0981,0.9922,-0.077,0,0.7925,-0.0311,0.6091,0,0,0.0992,0,1]},
{"frame":148,"values":[0.602,-0.1207,-0.7893,0,0.0981,0.9922,-0.077,0,0.7925,-0.0311,0.6091,0,0,0.0992,0,1]},
{"frame":160,"values":[0.602,-0.1207,-0.7893,0,0.0981,0.9922,-0.077,0,0.7925,-0.0311,0.6091,0,0,0.0992,0,1]},
{"frame":208,"values":[0.602,-0.1207,-0.7893,0,0.0981,0.9922,-0.077,0,0.7925,-0.0311,0.6091,0,0,0.0992,0,1]}],"loopBehavior":1,"name":"anim","property":"_matrix"}},
{"name":"finger 2 L 3","index":27,"matrix":[0.965,0.0314,0.2604,0,-0.0299,0.9995,-0.01,0,-0.2605,0.0018,0.9655,0,0,0.0537,0,1],"rest":[0.965,0.0314,0.2604,0,-0.0299,0.9995,-0.01,0,-0.2605,0.0018,0.9655,0,0,0.0537,0,1],"parentBoneIndex":26,"length":0.0781
,"animation":{"dataType":3,"framePerSecond":30,"keys":[
{"frame":0,"values":[0.965,0.0314,0.2604,0,-0.0299,0.9995,-0.01,0,-0.2605,0.0018,0.9655,0,0,0.0537,0,1]},
{"frame":41,"values":[0.965,0.0314,0.2604,0,-0.0299,0.9995,-0.01,0,-0.2605,0.0018,0.9655,0,0,0.0537,0,1]},
{"frame":50,"values":[0.965,0.0314,0.2604,0,-0.0299,0.9995,-0.01,0,-0.2605,0.0018,0.9655,0,0,0.0537,0,1]},
{"frame":91,"values":[0.965,0.0314,0.2604,0,-0.0299,0.9995,-0.01,0,-0.2605,0.0018,0.9655,0,0,0.0537,0,1]},
{"frame":100,"values":[0.965,0.0314,0.2604,0,-0.0299,0.9995,-0.01,0,-0.2605,0.0018,0.9655,0,0,0.0537,0,1]},
{"frame":148,"values":[0.965,0.0314,0.2604,0,-0.0299,0.9995,-0.01,0,-0.2605,0.0018,0.9655,0,0,0.0537,0,1]},
{"frame":160,"values":[0.965,0.0314,0.2604,0,-0.0299,0.9995,-0.01,0,-0.2605,0.0018,0.9655,0,0,0.0537,0,1]},
{"frame":208,"values":[0.965,0.0314,0.2604,0,-0.0299,0.9995,-0.01,0,-0.2605,0.0018,0.9655,0,0,0.0537,0,1]}],"loopBehavior":1,"name":"anim","property":"_matrix"}},
{"name":"finger 1 L 1","index":28,"matrix":[-0.7379,-0.02,-0.6747,0,0.1828,0.9563,-0.2283,0,0.6497,-0.2918,-0.7019,0,0.036,0.2071,0.024,1],"rest":[-0.7379,-0.02,-0.6747,0,0.1828,0.9563,-0.2283,0,0.6497,-0.2918,-0.7019,0,0.036,0.2071,0.024,1],"parentBoneIndex":24,"length":0.0911
,"animation":{"dataType":3,"framePerSecond":30,"keys":[
{"frame":0,"values":[-0.7379,-0.02,-0.6747,0,0.1828,0.9563,-0.2283,0,0.6497,-0.2918,-0.7019,0,0.036,0.2071,0.024,1]},
{"frame":41,"values":[-0.7379,-0.02,-0.6747,0,0.1828,0.9563,-0.2283,0,0.6497,-0.2918,-0.7019,0,0.036,0.2071,0.024,1]},
{"frame":50,"values":[-0.7379,-0.02,-0.6747,0,0.1828,0.9563,-0.2283,0,0.6497,-0.2918,-0.7019,0,0.036,0.2071,0.024,1]},
{"frame":91,"values":[-0.7379,-0.02,-0.6747,0,0.1828,0.9563,-0.2283,0,0.6497,-0.2918,-0.7019,0,0.036,0.2071,0.024,1]},
{"frame":100,"values":[-0.7379,-0.02,-0.6747,0,0.1828,0.9563,-0.2283,0,0.6497,-0.2918,-0.7019,0,0.036,0.2071,0.024,1]},
{"frame":148,"values":[-0.7379,-0.02,-0.6747,0,0.1828,0.9563,-0.2283,0,0.6497,-0.2918,-0.7019,0,0.036,0.2071,0.024,1]},
{"frame":160,"values":[-0.7379,-0.02,-0.6747,0,0.1828,0.9563,-0.2283,0,0.6497,-0.2918,-0.7019,0,0.036,0.2071,0.024,1]},
{"frame":208,"values":[-0.7379,-0.02,-0.6747,0,0.1828,0.9563,-0.2283,0,0.6497,-0.2918,-0.7019,0,0.036,0.2071,0.024,1]}],"loopBehavior":1,"name":"anim","property":"_matrix"}},
{"name":"finger 1 L 2","index":29,"matrix":[-0.0675,-0.14,-0.9878,0,0.0212,0.9897,-0.1417,0,0.9975,-0.0305,-0.0638,0,0,0.0911,0,1],"rest":[-0.0675,-0.14,-0.9878,0,0.0212,0.9897,-0.1417,0,0.9975,-0.0305,-0.0638,0,0,0.0911,0,1],"parentBoneIndex":28,"length":0.0498
,"animation":{"dataType":3,"framePerSecond":30,"keys":[
{"frame":0,"values":[-0.0675,-0.14,-0.9878,0,0.0212,0.9897,-0.1417,0,0.9975,-0.0305,-0.0638,0,0,0.0911,0,1]},
{"frame":41,"values":[-0.0675,-0.14,-0.9878,0,0.0212,0.9897,-0.1417,0,0.9975,-0.0305,-0.0638,0,0,0.0911,0,1]},
{"frame":50,"values":[-0.0675,-0.14,-0.9878,0,0.0212,0.9897,-0.1417,0,0.9975,-0.0305,-0.0638,0,0,0.0911,0,1]},
{"frame":91,"values":[-0.0675,-0.14,-0.9878,0,0.0212,0.9897,-0.1417,0,0.9975,-0.0305,-0.0638,0,0,0.0911,0,1]},
{"frame":100,"values":[-0.0675,-0.14,-0.9878,0,0.0212,0.9897,-0.1417,0,0.9975,-0.0305,-0.0638,0,0,0.0911,0,1]},
{"frame":148,"values":[-0.0675,-0.14,-0.9878,0,0.0212,0.9897,-0.1417,0,0.9975,-0.0305,-0.0638,0,0,0.0911,0,1]},
{"frame":160,"values":[-0.0675,-0.14,-0.9878,0,0.0212,0.9897,-0.1417,0,0.9975,-0.0305,-0.0638,0,0,0.0911,0,1]},
{"frame":208,"values":[-0.0675,-0.14,-0.9878,0,0.0212,0.9897,-0.1417,0,0.9975,-0.0305,-0.0638,0,0,0.0911,0,1]}],"loopBehavior":1,"name":"anim","property":"_matrix"}},
{"name":"finger 1 L 3","index":30,"matrix":[0.9189,0.027,0.3935,0,-0.0248,0.9996,-0.0108,0,-0.3936,0.0002,0.9193,0,0,0.0498,0,1],"rest":[0.9189,0.027,0.3935,0,-0.0248,0.9996,-0.0108,0,-0.3936,0.0002,0.9193,0,0,0.0498,0,1],"parentBoneIndex":29,"length":0.0781
,"animation":{"dataType":3,"framePerSecond":30,"keys":[
{"frame":0,"values":[0.9189,0.027,0.3935,0,-0.0248,0.9996,-0.0108,0,-0.3936,0.0002,0.9193,0,0,0.0498,0,1]},
{"frame":41,"values":[0.9189,0.027,0.3935,0,-0.0248,0.9996,-0.0108,0,-0.3936,0.0002,0.9193,0,0,0.0498,0,1]},
{"frame":50,"values":[0.9189,0.027,0.3935,0,-0.0248,0.9996,-0.0108,0,-0.3936,0.0002,0.9193,0,0,0.0498,0,1]},
{"frame":91,"values":[0.9189,0.027,0.3935,0,-0.0248,0.9996,-0.0108,0,-0.3936,0.0002,0.9193,0,0,0.0498,0,1]},
{"frame":100,"values":[0.9189,0.027,0.3935,0,-0.0248,0.9996,-0.0108,0,-0.3936,0.0002,0.9193,0,0,0.0498,0,1]},
{"frame":148,"values":[0.9189,0.027,0.3935,0,-0.0248,0.9996,-0.0108,0,-0.3936,0.0002,0.9193,0,0,0.0498,0,1]},
{"frame":160,"values":[0.9189,0.027,0.3935,0,-0.0248,0.9996,-0.0108,0,-0.3936,0.0002,0.9193,0,0,0.0498,0,1]},
{"frame":208,"values":[0.9189,0.027,0.3935,0,-0.0248,0.9996,-0.0108,0,-0.3936,0.0002,0.9193,0,0,0.0498,0,1]}],"loopBehavior":1,"name":"anim","property":"_matrix"}},
{"name":"finger 3 L 1","index":31,"matrix":[-0.9268,0.1444,0.3467,0,0.0265,0.9459,-0.3233,0,-0.3746,-0.2905,-0.8805,0,-0.0378,0.1966,-0.0241,1],"rest":[-0.9268,0.1444,0.3467,0,0.0265,0.9459,-0.3233,0,-0.3746,-0.2905,-0.8805,0,-0.0378,0.1966,-0.0241,1],"parentBoneIndex":24,"length":0.0918
,"animation":{"dataType":3,"framePerSecond":30,"keys":[
{"frame":0,"values":[-0.9268,0.1444,0.3467,0,0.0265,0.9459,-0.3233,0,-0.3746,-0.2905,-0.8805,0,-0.0378,0.1966,-0.0241,1]},
{"frame":41,"values":[-0.9268,0.1444,0.3467,0,0.0265,0.9459,-0.3233,0,-0.3746,-0.2905,-0.8805,0,-0.0378,0.1966,-0.0241,1]},
{"frame":50,"values":[-0.9268,0.1444,0.3467,0,0.0265,0.9459,-0.3233,0,-0.3746,-0.2905,-0.8805,0,-0.0378,0.1966,-0.0241,1]},
{"frame":91,"values":[-0.9268,0.1444,0.3467,0,0.0265,0.9459,-0.3233,0,-0.3746,-0.2905,-0.8805,0,-0.0378,0.1966,-0.0241,1]},
{"frame":100,"values":[-0.9268,0.1444,0.3467,0,0.0265,0.9459,-0.3233,0,-0.3746,-0.2905,-0.8805,0,-0.0378,0.1966,-0.0241,1]},
{"frame":148,"values":[-0.9268,0.1444,0.3467,0,0.0265,0.9459,-0.3233,0,-0.3746,-0.2905,-0.8805,0,-0.0378,0.1966,-0.0241,1]},
{"frame":160,"values":[-0.9268,0.1444,0.3467,0,0.0265,0.9459,-0.3233,0,-0.3746,-0.2905,-0.8805,0,-0.0378,0.1966,-0.0241,1]},
{"frame":208,"values":[-0.9268,0.1444,0.3467,0,0.0265,0.9459,-0.3233,0,-0.3746,-0.2905,-0.8805,0,-0.0378,0.1966,-0.0241,1]}],"loopBehavior":1,"name":"anim","property":"_matrix"}},
{"name":"finger 3 L 2","index":32,"matrix":[0.651,-0.1201,-0.7495,0,0.1218,0.9911,-0.053,0,0.7492,-0.0568,0.6599,0,0,0.0918,0,1],"rest":[0.651,-0.1201,-0.7495,0,0.1218,0.9911,-0.053,0,0.7492,-0.0568,0.6599,0,0,0.0918,0,1],"parentBoneIndex":31,"length":0.0446
,"animation":{"dataType":3,"framePerSecond":30,"keys":[
{"frame":0,"values":[0.651,-0.1201,-0.7495,0,0.1218,0.9911,-0.053,0,0.7492,-0.0568,0.6599,0,0,0.0918,0,1]},
{"frame":41,"values":[0.651,-0.1201,-0.7495,0,0.1218,0.9911,-0.053,0,0.7492,-0.0568,0.6599,0,0,0.0918,0,1]},
{"frame":50,"values":[0.651,-0.1201,-0.7495,0,0.1218,0.9911,-0.053,0,0.7492,-0.0568,0.6599,0,0,0.0918,0,1]},
{"frame":91,"values":[0.651,-0.1201,-0.7495,0,0.1218,0.9911,-0.053,0,0.7492,-0.0568,0.6599,0,0,0.0918,0,1]},
{"frame":100,"values":[0.651,-0.1201,-0.7495,0,0.1218,0.9911,-0.053,0,0.7492,-0.0568,0.6599,0,0,0.0918,0,1]},
{"frame":148,"values":[0.651,-0.1201,-0.7495,0,0.1218,0.9911,-0.053,0,0.7492,-0.0568,0.6599,0,0,0.0918,0,1]},
{"frame":160,"values":[0.651,-0.1201,-0.7495,0,0.1218,0.9911,-0.053,0,0.7492,-0.0568,0.6599,0,0,0.0918,0,1]},
{"frame":208,"values":[0.651,-0.1201,-0.7495,0,0.1218,0.9911,-0.053,0,0.7492,-0.0568,0.6599,0,0,0.0918,0,1]}],"loopBehavior":1,"name":"anim","property":"_matrix"}},
{"name":"finger 3 L 3","index":33,"matrix":[0.9831,0.0234,0.1817,0,-0.0199,0.9996,-0.0214,0,-0.1821,0.0174,0.9831,0,0,0.0446,0,1],"rest":[0.9831,0.0234,0.1817,0,-0.0199,0.9996,-0.0214,0,-0.1821,0.0174,0.9831,0,0,0.0446,0,1],"parentBoneIndex":32,"length":0.0781
,"animation":{"dataType":3,"framePerSecond":30,"keys":[
{"frame":0,"values":[0.9831,0.0234,0.1817,0,-0.0199,0.9996,-0.0214,0,-0.1821,0.0174,0.9831,0,0,0.0446,0,1]},
{"frame":41,"values":[0.9831,0.0234,0.1817,0,-0.0199,0.9996,-0.0214,0,-0.1821,0.0174,0.9831,0,0,0.0446,0,1]},
{"frame":50,"values":[0.9831,0.0234,0.1817,0,-0.0199,0.9996,-0.0214,0,-0.1821,0.0174,0.9831,0,0,0.0446,0,1]},
{"frame":91,"values":[0.9831,0.0234,0.1817,0,-0.0199,0.9996,-0.0214,0,-0.1821,0.0174,0.9831,0,0,0.0446,0,1]},
